"ISO3","Year","Sex","Diarrhoeal","Digestive","Drowning","LRI","Neoplasms","OtherInj","OtherCMPN","OtherNCD","RTI"
"ALB",2000,"Both",0.0145672095738866,0.0244050356567374,0.0881762020766902,0.0562863051867746,0.164109351013113,0.18828666697617,0.0620185579163751,0.270655295365658,0.131495376234594
"ALB",2001,"Both",0.0141373147841552,0.0242979812070343,0.0862265009491632,0.0557607413750877,0.166467829284726,0.188653497567887,0.0603790718436101,0.274114056333304,0.129963006655033
"ALB",2002,"Both",0.0125485811662529,0.0240652179521385,0.084656722479757,0.0549408325109753,0.169279082537124,0.18906407548436,0.0588836008208306,0.278120582465268,0.128441304583293
"ALB",2003,"Both",0.0106186774391091,0.0237615246952166,0.0832566351089952,0.0539633401048621,0.172209569898631,0.189709973692941,0.0574520030355214,0.282202028890211,0.126826247134512
"ALB",2004,"Both",0.00895021383225026,0.0234737189789314,0.0818228530477273,0.0529798527956209,0.175043480217238,0.190463341017422,0.0560473571581975,0.286162674860454,0.125056508092159
"ALB",2005,"Both",0.00780423579985032,0.0232153419431358,0.0802261141137402,0.0520881550115412,0.177518040454072,0.191649593136182,0.0546030139437182,0.289617338943635,0.123278166654125
"ALB",2006,"Both",0.00714070865448043,0.0230359804819949,0.0784175830977026,0.0513430543978135,0.17963866041084,0.193081520818051,0.0531576659624846,0.292693781994884,0.121491044181748
"ALB",2007,"Both",0.00680329266075028,0.0229998653286612,0.0764159638207767,0.0507715276269541,0.181623759742647,0.19419791703538,0.05180345136883,0.295841358796948,0.119542863619052
"ALB",2008,"Both",0.00663399154631701,0.0230627742387417,0.074383266885138,0.050331045185014,0.183369456630446,0.195612030502624,0.0505527475766008,0.298739851551354,0.117314835883764
"ALB",2009,"Both",0.00653766215382251,0.0232407104587813,0.0723111840480071,0.0500010006890651,0.185147683664109,0.196620584952538,0.0494512578793126,0.301836852787446,0.114853063366918
"ALB",2010,"Both",0.00641025111660149,0.0235072915917963,0.070447582401516,0.0497807312972831,0.186867919548305,0.197419987030043,0.0485333729320238,0.30494298548016,0.112089878602271
"ALB",2011,"Both",0.00621061439209128,0.0237630930933004,0.0688197337745425,0.0495060501429246,0.188423808059024,0.198606294194162,0.0476839585992688,0.307785736475154,0.109200711269532
"ALB",2012,"Both",0.00596093203722526,0.0240074024038021,0.0671791648749521,0.0490683464529004,0.190160141529365,0.199335349901074,0.0468303267496539,0.311039392268324,0.106418943782703
"ALB",2013,"Both",0.00564886991302378,0.0241545715577889,0.0654678755236503,0.0483044907401991,0.191972220920272,0.200229782945318,0.0458570157050044,0.314509403137058,0.103855769557686
"ALB",2014,"Both",0.00529380613840791,0.0241771665258804,0.0634004494378538,0.0471900077134897,0.194170822732866,0.20078594134847,0.0447043710838061,0.31859269707784,0.101684737941386
"ALB",2015,"Both",0.00496345298087448,0.0241481005429907,0.0611247017825004,0.0460260865052431,0.196705034484838,0.200410610862816,0.043517808602592,0.32325806311081,0.099846141127335
"ALB",2016,"Both",0.00469846517169195,0.0241160673755279,0.0589664652177708,0.0451076304825607,0.199147946407891,0.199671583111746,0.0424370734932754,0.327752382669672,0.0981023860698642
"ALB",2017,"Both",0.00452661717106644,0.0241410776106757,0.0571893641232356,0.0446326220209243,0.201182338023247,0.199009671603571,0.0415637789856065,0.331551086038587,0.0962034444230876
"ALB",2018,"Both",0.00445463373230729,0.0242424537674235,0.0558794563183692,0.0445750056260199,0.202658481810838,0.198634728071856,0.0408892311955714,0.334547332949695,0.0941186765279201
"ALB",2019,"Both",0.00444299708741133,0.0243830446652257,0.0548451370765153,0.0447077449175536,0.203650509119744,0.199035678960325,0.0402897649240778,0.336818187421193,0.0918269358279547
"ALB",2020,"Both",0.00445651964834275,0.0245239896713737,0.0539537582547713,0.0448638282528582,0.204449744997588,0.200004605762731,0.0396886056915871,0.3387456159285,0.0893133317922474
"ALB",2021,"Both",0.00448404482815292,0.0246706967807435,0.0530365353969418,0.0450076295300312,0.205371498084031,0.200635508223183,0.039077218895977,0.340894506464365,0.0868223617965749
"AND",2000,"Both",0.00252002932758453,0.0148126153255761,0.0487902662497921,0.0231576484976412,0.179654819674588,0.195295344305879,0.035843699827045,0.2876862250976,0.212239351694294
"AND",2001,"Both",0.00247371694378608,0.0149427482719045,0.0480997120341627,0.0232390886863239,0.182086362896514,0.195267768088717,0.0353889773997343,0.291914594024756,0.206587031654101
"AND",2002,"Both",0.0024272933697566,0.0151008613013812,0.0473759573756721,0.0233147972278411,0.184561637207707,0.195421252189302,0.0349395741687636,0.296252587414217,0.200606039745359
"AND",2003,"Both",0.00234708737553991,0.0152088484122975,0.0465356202901524,0.023275462198448,0.18713888571852,0.195604205054203,0.034405543641991,0.300697037430794,0.194787309878054
"AND",2004,"Both",0.00226570499851861,0.015306532184296,0.0456529949322018,0.0232033051758373,0.189706632929866,0.195962251213932,0.033845019178495,0.305105175597738,0.188952383789115
"AND",2005,"Both",0.00218842190785692,0.0154095732116381,0.0447334047775965,0.0231094082137203,0.192271457219088,0.196562443226914,0.0332685100369567,0.309493269632301,0.182963511773928
"AND",2006,"Both",0.0021193223595677,0.0155044393324882,0.0438094109361937,0.0230064038224993,0.19481829857993,0.197114811871551,0.0326838920081775,0.313833837290528,0.177109583799064
"AND",2007,"Both",0.00207748805593241,0.0156485457949132,0.0429694261762717,0.02298492480257,0.197241394622153,0.19788861106236,0.0321610260685361,0.317989443897946,0.171039139519317
"AND",2008,"Both",0.00208505530285274,0.0158732752509589,0.0423841846516336,0.0231812334557582,0.199356651041451,0.198594463397243,0.0317981820104161,0.321715884423826,0.16501107046586
"AND",2009,"Both",0.00211274667735953,0.0161209167170298,0.0419495739926809,0.0234877819955542,0.20129037533076,0.199103278242523,0.0315146335094688,0.325156651894812,0.159264041639812
"AND",2010,"Both",0.00215383091143867,0.016389073066656,0.0416090596206203,0.0238692710122381,0.203083452329115,0.199541882546108,0.0312837541502822,0.328382685827984,0.153686990535557
"AND",2011,"Both",0.00219004366753599,0.0166378503587375,0.0412576568664106,0.024231211397205,0.204886079146407,0.199673674416499,0.0310417290521163,0.331642912204544,0.148438842890545
"AND",2012,"Both",0.00220314086906457,0.0168156633956106,0.0408435514813849,0.0245021132972632,0.206704949053436,0.199680662621931,0.030736536098199,0.334872021571999,0.143641361611111
"AND",2013,"Both",0.00218852729227137,0.0169151095158244,0.0403412112753627,0.0246558114745263,0.20856141580771,0.199634892683754,0.030355747902313,0.338108241065728,0.13923904298251
"AND",2014,"Both",0.00214560111175214,0.0169237482319005,0.0397300415810642,0.0246669005692956,0.210477680705,0.199313174044408,0.0298886454999927,0.341453772112781,0.135400436143806
"AND",2015,"Both",0.00208940445842606,0.016869632826939,0.0390641743655818,0.0245915639121528,0.212301305173318,0.198936695206603,0.0293722981584506,0.344715273383216,0.132059652515313
"AND",2016,"Both",0.00203359350110957,0.016817317335291,0.0383097303579494,0.0244449778452419,0.214095416151502,0.198352052377099,0.0288260641672612,0.348173513344751,0.128947334919796
"AND",2017,"Both",0.00198259492178699,0.01678283906008,0.0374650022297303,0.0242321164536438,0.215835177939737,0.197542600578118,0.0282532498664108,0.351857287373417,0.126049131577076
"AND",2018,"Both",0.00194597193305924,0.0167933373155869,0.0366015658250934,0.0240218468238349,0.217481102917286,0.196495033214517,0.0276990030888234,0.355698177173489,0.12326396170831
"AND",2019,"Both",0.00191680694233087,0.0168258931563665,0.0357276172574865,0.023801533475404,0.219087516063275,0.195101410239333,0.0271552700354092,0.359722649880979,0.120661302949417
"AND",2020,"Both",0.00191215646342494,0.0169066805042314,0.0350301144804931,0.0237582170441446,0.220468238191569,0.194038529910092,0.0267102761888266,0.363246861820746,0.117928925396473
"AND",2021,"Both",0.00191553721843816,0.0170019387519735,0.0343990403275153,0.0237810971631648,0.221841058579321,0.192954102415331,0.0263026696556195,0.366659446823404,0.115145109065233
"ARE",2000,"Both",0.0040866021281791,0.0199916661604867,0.0684870717230231,0.0328097158863464,0.176901667864579,0.0913907073826106,0.0839338614367291,0.364389658009785,0.158009049408262
"ARE",2001,"Both",0.00413910464298136,0.0202762535708008,0.066719253518156,0.0326917574142109,0.178991964124645,0.0915391304675899,0.0818988155498712,0.369204906096184,0.154538814615561
"ARE",2002,"Both",0.00415080793468598,0.0204693552099744,0.0648884895854888,0.0324444328917993,0.181195377739608,0.0910302938340633,0.0797098912039435,0.374368232058052,0.151743119542384
"ARE",2003,"Both",0.00413881489329936,0.0205904679125256,0.0629662596257323,0.0320693726847733,0.183501937050213,0.0893968111479358,0.0776142195696599,0.380261029862836,0.149461087253025
"ARE",2004,"Both",0.00408439015676765,0.0205977912914817,0.0614936043740826,0.0317844289575386,0.185247096019712,0.0891294905564983,0.075834016900152,0.384684321277231,0.147144860466536
"ARE",2005,"Both",0.00402837625126822,0.0205817623032432,0.0601397938819366,0.0315355622148477,0.186800056122722,0.0883413977400712,0.0743010925005085,0.389331804302574,0.144940154682828
"ARE",2006,"Both",0.00400921658044362,0.0206418115452847,0.0588222963943724,0.0313600772727827,0.188247678831013,0.0868260267541656,0.0730632935428925,0.394570335310887,0.142459263768158
"ARE",2007,"Both",0.00401016148500103,0.0207604310925564,0.0576912740867823,0.0313178976239807,0.189446975947979,0.085764059295745,0.0719410401673791,0.399415366465717,0.13965279383486
"ARE",2008,"Both",0.00403760946357009,0.020947565843523,0.0563699868543941,0.0312341951355067,0.190870431861773,0.0835782978253339,0.070720807282586,0.405316014632267,0.136925091101047
"ARE",2009,"Both",0.00407034650626946,0.0211579915506356,0.0550998595474524,0.0311818294627648,0.192255382830052,0.0817684237214501,0.0694271150345206,0.410899646052071,0.134139405294785
"ARE",2010,"Both",0.00407341934977741,0.0213088504062513,0.0540549947437131,0.0311549996093419,0.193428959235661,0.081432009491207,0.0681757440395736,0.415142657606828,0.131228365517647
"ARE",2011,"Both",0.00403748960676649,0.021385886964487,0.0529971401337782,0.0310224376402501,0.194697991301343,0.0812795759829575,0.0669237171696912,0.419267638039429,0.128388123161298
"ARE",2012,"Both",0.0039672338273121,0.021396821922675,0.0519055759799188,0.0308013872349434,0.196066831964111,0.0811214024911482,0.0656599024439218,0.42342807267088,0.12565277146509
"ARE",2013,"Both",0.00388340163040535,0.0213779251278925,0.051053094363728,0.030687109116098,0.197192140611364,0.0818635744539287,0.0645770808418271,0.426551492173107,0.12281418168165
"ARE",2014,"Both",0.00380314359908387,0.0213461050138893,0.0500396909947995,0.0304731391567893,0.198460856455367,0.0819576383371311,0.0634229640464753,0.430327877972594,0.12016858442387
"ARE",2015,"Both",0.00375236205526573,0.021346882111251,0.0488627313061364,0.030218037478851,0.199827514620445,0.0810511042355864,0.0622191317262973,0.434937537632936,0.117784698833232
"ARE",2016,"Both",0.00372140079550703,0.0213700611749694,0.0478226845960215,0.030048109470725,0.200865044250002,0.0811100748749856,0.0610641040185709,0.43864626936304,0.115352251456179
"ARE",2017,"Both",0.0036938808710166,0.0213829764317275,0.0464843072050455,0.0296200617573877,0.202060199324775,0.080688332832489,0.0596170650338401,0.443344053972602,0.113109122571117
"ARE",2018,"Both",0.00368656704986629,0.0214314340226464,0.0453092948908125,0.0293069619395394,0.202941796445004,0.0807600350551975,0.0582977367542624,0.44736207761055,0.110904096232122
"ARE",2019,"Both",0.00367797480547557,0.0214797957649821,0.0444007599656837,0.0291107275058699,0.203379471983332,0.0823739142562218,0.0571001795628979,0.449880117072609,0.108597059082928
"ARE",2020,"Both",0.00368001842149714,0.0215571356080885,0.0436109941070932,0.0290194216927843,0.203851641923074,0.0838260696215185,0.0559771863819649,0.452327587835207,0.106149944408772
"ARE",2021,"Both",0.00370509509736391,0.0216831218709325,0.0429994548198603,0.0291564523625679,0.204252192851274,0.085137367261953,0.0550778019715187,0.454353075666738,0.103635438097791
"AZE",2000,"Both",0.0142855967960215,0.0263125755298085,0.0940097993469569,0.0661498971116052,0.164349209413291,0.148878265745529,0.0768881949341582,0.282629429497947,0.126497031624682
"AZE",2001,"Both",0.0127032990308557,0.0264062506573366,0.0928583856431341,0.0658619241115992,0.167296522542176,0.148210878769716,0.0757469852109413,0.287432612928719,0.123483141105522
"AZE",2002,"Both",0.0116867122045669,0.0265354587530698,0.0915853281229873,0.0657124460176639,0.169882139607601,0.148045153563041,0.0745447112409297,0.291630976402082,0.120377074088058
"AZE",2003,"Both",0.0111552861571952,0.0266909498452362,0.0900683891392104,0.0656097757653969,0.17235513784031,0.14748910355715,0.0732640127245621,0.295814595166183,0.117552749804756
"AZE",2004,"Both",0.0110376128479366,0.0268607088602254,0.0884877224168905,0.0656675170812192,0.174384311674542,0.147712977516023,0.0719300946933459,0.299218185669499,0.114700869240317
"AZE",2005,"Both",0.0113630006274345,0.0271037092742712,0.0866992501434839,0.0658389043338994,0.176264389232818,0.147555303437308,0.0705846245219394,0.302616147150021,0.111974671278825
"AZE",2006,"Both",0.0114930086314037,0.0272757390543219,0.0849195245142048,0.0658301631151732,0.1783818006431,0.146671766016271,0.0692664809319674,0.306539329828753,0.109622187264805
"AZE",2007,"Both",0.0113939130493147,0.0274031110615741,0.0832626673859069,0.0657156790629614,0.180573277797617,0.145641885176399,0.0680181295735659,0.31064343607532,0.107347900817341
"AZE",2008,"Both",0.0111528467091877,0.0275298258485159,0.0816847522763356,0.0655475250186771,0.182831830877672,0.144362136075667,0.0668520954071615,0.314973868881112,0.105065118905671
"AZE",2009,"Both",0.0108008540182912,0.0276535350813437,0.0802753831854877,0.0654268505187595,0.184899294073636,0.143700660115809,0.0657692932869126,0.318902691322013,0.102571438397747
"AZE",2010,"Both",0.0104204643784828,0.0278448096337195,0.0789976632707378,0.0654294762866356,0.186687390834579,0.143929930606182,0.0647834565661928,0.322277402760905,0.0996294056625649
"AZE",2011,"Both",0.0100326160314176,0.0280512175886407,0.0775997283066936,0.0653857739335147,0.188572896575226,0.14398047916553,0.0638007544087286,0.325858412246363,0.0967181217438854
"AZE",2012,"Both",0.00961889265324822,0.0282201876536398,0.0760965068270428,0.0652557681035755,0.190542617285453,0.143957871081299,0.0627900137443425,0.32955707819982,0.0939610644515787
"AZE",2013,"Both",0.00922646069411487,0.0283380597239032,0.0745034897117247,0.0650394418280606,0.19245508259973,0.144359263670827,0.0617190309230017,0.33306042324738,0.091298747601258
"AZE",2014,"Both",0.00890902489131514,0.0284112576794162,0.0727333700307869,0.0646891966961668,0.194546034530248,0.144238642117744,0.0605752732683034,0.336951430920287,0.0889457698657322
"AZE",2015,"Both",0.00867556789802915,0.0284579656456581,0.0712796456942108,0.0646660797157859,0.196158559103339,0.14477429749072,0.059565021807493,0.339803237336538,0.0866196253082265
"AZE",2016,"Both",0.00848591456111682,0.0284624762601925,0.0699428806128057,0.0647026781327692,0.197531297661677,0.145949354737507,0.0585408333419133,0.342046812612995,0.0843377520790231
"AZE",2017,"Both",0.00833341428669336,0.0284692735849171,0.068655362465391,0.0646981191804398,0.199093787618032,0.14609911736488,0.0575306324396589,0.344807102618866,0.0823131904411217
"AZE",2018,"Both",0.00817518870447968,0.028451268051555,0.0675813212621371,0.0647549292552825,0.200530754753241,0.146188969994392,0.0565726674787728,0.347340766690161,0.0804041338099781
"AZE",2019,"Both",0.00797345840074369,0.0283848926764953,0.0662633819989158,0.0642774267547629,0.2022660102655,0.146387304108612,0.0553767218662429,0.3505147866081,0.0785560173206273
"AZE",2020,"Both",0.00784859348895414,0.0284093360352813,0.0649926460590657,0.0638917878060755,0.20405909102345,0.145780968046296,0.0542835442828176,0.3541005513888,0.0766334818692607
"AZE",2021,"Both",0.00776005827074845,0.0284673406722439,0.0637643224601338,0.0636317581963953,0.20568339134367,0.145525426921288,0.0532468570667532,0.357343276478859,0.0745775685899083
"BHR",2000,"Both",0.00916600845754894,0.0218483524215195,0.0803160713723822,0.0429629579913152,0.159037154984753,0.0857772407813398,0.100763766418369,0.342488695297488,0.157639752275284
"BHR",2001,"Both",0.00936145802934464,0.0222374051447888,0.0788922994800226,0.0432956602237805,0.16034045041977,0.0874823325445406,0.0992871762274579,0.345883800307476,0.153219417622819
"BHR",2002,"Both",0.00946206319853025,0.0224704401505475,0.0770977954040954,0.0433203997684504,0.161906803751833,0.0876202528316368,0.0975426387489077,0.35040145162097,0.150178154525029
"BHR",2003,"Both",0.00957123393621293,0.0226851826091423,0.0750788756664965,0.0432120193380498,0.163648882400092,0.0866055943143599,0.0957746135026932,0.355838469299002,0.147585128933951
"BHR",2004,"Both",0.00964529062469275,0.0228547581005955,0.0732361241372911,0.0431242749267409,0.16522534152589,0.0860720701281222,0.0940685525505241,0.360773400323669,0.145000187682474
"BHR",2005,"Both",0.00973068439243069,0.0230373653227563,0.0711775529987399,0.0428972543585017,0.167074796172845,0.0842842013680661,0.0923067802565214,0.366808062387368,0.142683302742771
"BHR",2006,"Both",0.00979948458669716,0.0232158654775139,0.069156668449339,0.0426364471050447,0.168960907164176,0.0823144752367727,0.0905414510992351,0.372999129861932,0.140375571019289
"BHR",2007,"Both",0.00985046460647421,0.0233852981094172,0.0672611208828594,0.0423901649465678,0.170775244608513,0.0805909507622264,0.0888204575164874,0.37895385013494,0.137972448432515
"BHR",2008,"Both",0.00990114798497045,0.0235544037799734,0.0653010572391999,0.0420713827194697,0.172681711185329,0.0782653399175171,0.0870903448613197,0.385451225293409,0.135683387018812
"BHR",2009,"Both",0.00992622352775256,0.0237135579642986,0.0637185758788471,0.0419263371034189,0.174213024791044,0.0772571264834126,0.0855428557781195,0.390640470292243,0.133061828180864
"BHR",2010,"Both",0.00995938505516031,0.023877204483144,0.0625690637222943,0.0420506736302639,0.175292893205759,0.0774967705813977,0.0843327681553553,0.394325088400189,0.130096152766436
"BHR",2011,"Both",0.0100156864864969,0.0240557906911749,0.0616018404005637,0.0423221627632915,0.176147969985422,0.0781235257282204,0.083344584931677,0.39740216955972,0.126986269453433
"BHR",2012,"Both",0.0100706804847281,0.0242261493231548,0.0606551888236514,0.0426251662519625,0.176932911483166,0.0787725883704734,0.0824285544871608,0.400356195301351,0.123932565474352
"BHR",2013,"Both",0.0101790721876653,0.0244295015320186,0.0600210516527813,0.0432467099628556,0.177367163337092,0.0796033773766485,0.0819074929811742,0.402424093799504,0.12082153717026
"BHR",2014,"Both",0.010359660419543,0.0246867960309778,0.059588503192354,0.0441425246699971,0.177557566666757,0.0799990482868899,0.081712926931638,0.404148196788025,0.117804777013818
"BHR",2015,"Both",0.0106394734543797,0.0250224908775506,0.059212375153981,0.0452575985067744,0.17765851294602,0.0790130743180098,0.0817738982081728,0.40631447900743,0.115108097527682
"BHR",2016,"Both",0.0109698165539542,0.0254043290378005,0.059314639949173,0.0468053595639838,0.177197904948315,0.079117554396089,0.0821805862576917,0.406720807714356,0.112289001578636
"BHR",2017,"Both",0.0112565164425538,0.025754461082102,0.0590915919991393,0.047962643513459,0.177006032867938,0.0789026586480121,0.0821431105609414,0.408089841332542,0.109793143553313
"BHR",2018,"Both",0.0114024073891541,0.0259999953032272,0.0582310651224354,0.0483035337462373,0.17741091026565,0.0785009431064104,0.0812732136114131,0.411190627098301,0.107687304357171
"BHR",2019,"Both",0.0113533941860727,0.0260987554607721,0.057124206492948,0.0480374829747651,0.178000447649363,0.079877757061101,0.0797536110271656,0.414147700068955,0.105606645078858
"BHR",2020,"Both",0.0112615037332112,0.026162894242436,0.0557749287171257,0.0474840223221846,0.179015881755661,0.0807027204170201,0.0779464067553306,0.418159373208846,0.103492268848184
"BHR",2021,"Both",0.011168748757667,0.0262204698336705,0.0543229791671161,0.046889530171349,0.180254580052177,0.0810062796721288,0.0760967291041435,0.422690747521488,0.101349935720259
"BHS",2000,"Both",0.00208919649136313,0.0146446037210409,0.0587024257414475,0.023302144695647,0.17352257818351,0.188150480400124,0.0468918215643784,0.30382389339659,0.1888728558059
"BHS",2001,"Both",0.00204840630158997,0.0146735828199994,0.0575256609630729,0.0231870874974513,0.175321248029336,0.188273112385906,0.0459403550709113,0.307447219734356,0.185583327197377
"BHS",2002,"Both",0.00202829248491485,0.0147789430340851,0.0564073378864049,0.0231409254999678,0.177120200113214,0.188540819616214,0.0450945875060774,0.311194158280611,0.18169473557851
"BHS",2003,"Both",0.0020403278635151,0.0149704436245296,0.0552928739208305,0.023157822050174,0.179022810224145,0.188324344680039,0.0443343441988516,0.315367780049391,0.177489253388524
"BHS",2004,"Both",0.00207838834255326,0.0152474006369867,0.054219362601819,0.0232457145077443,0.180922813813503,0.188114333969808,0.0436677372650001,0.31971465338365,0.172789595478936
"BHS",2005,"Both",0.00209168383618032,0.0154436892601767,0.0531699232690462,0.0232702662729853,0.182714861046934,0.187993407152336,0.0429492041904488,0.323760124970434,0.168606840001459
"BHS",2006,"Both",0.00209990450197733,0.0156226489733647,0.0521473576206281,0.023282313778828,0.184451803205184,0.187867582303525,0.0422374638600863,0.327722102063442,0.164568823692964
"BHS",2007,"Both",0.00210165345278361,0.0157804333864038,0.0511605057033086,0.0232819043168162,0.186108291212384,0.187840107367119,0.041532927923032,0.331538397096092,0.160655779542061
"BHS",2008,"Both",0.00210979777697552,0.0159426903669573,0.0502113176267348,0.023289573939861,0.187678167192406,0.18788148142534,0.0408480665853355,0.33526367027337,0.156775234813019
"BHS",2009,"Both",0.00213010823192606,0.0161222698939846,0.0493127223551928,0.0233140084484081,0.189129160066062,0.188066494653652,0.0401908335702832,0.338878554137132,0.152855848643359
"BHS",2010,"Both",0.00213495160303717,0.0162496742892191,0.0484740096155745,0.0232799257391787,0.190496693904512,0.188145420600186,0.039520697400988,0.34242145448433,0.149277172362974
"BHS",2011,"Both",0.00213373875492681,0.0163561966415866,0.047664420532776,0.0232215150938966,0.19183008434454,0.188032931535806,0.0388641178993399,0.346003134135935,0.145893861061193
"BHS",2012,"Both",0.0021232664522053,0.0164418062115619,0.0469162624662551,0.0231911028113519,0.193130535750352,0.187630898090577,0.0382703522602758,0.349540525441466,0.142755250515955
"BHS",2013,"Both",0.00212296320345525,0.0165476952511561,0.0462645364312208,0.0232646546138057,0.19439161100749,0.18670281425552,0.0377986429335414,0.353082846179835,0.139824236123975
"BHS",2014,"Both",0.00213365158531419,0.0166932101627149,0.045635062755173,0.0234836498982617,0.195761123954353,0.184900483358197,0.0374638455148684,0.356807016050644,0.137121956720474
"BHS",2015,"Both",0.00215561449666519,0.0168674982057672,0.0450718326352076,0.0238185388930375,0.1971211221383,0.18248642615476,0.0372356352711154,0.360569657793795,0.134673674411353
"BHS",2016,"Both",0.00217747533919645,0.01704133416299,0.0445282757457474,0.0241658282771865,0.198397823123075,0.180025261971901,0.0370164171819844,0.364254561755169,0.13239302244275
"BHS",2017,"Both",0.00218954299479617,0.017189237208618,0.0439516227634094,0.0244126704506499,0.199556584511069,0.177900960044265,0.0367096026052071,0.367857595345136,0.13023218407685
"BHS",2018,"Both",0.00218330477770822,0.0172924250178593,0.0433895565555249,0.0244898473754398,0.200407927285089,0.176946417400163,0.0362760128808274,0.371050538655899,0.12796397005149
"BHS",2019,"Both",0.00216432266010665,0.0173550633015339,0.0428029644593801,0.0244180248322516,0.201016272328033,0.176970859916452,0.0357256258228564,0.373902881353609,0.125643985325777
"BHS",2020,"Both",0.00215737847748922,0.0174249246896385,0.0422097273143348,0.0243245164880051,0.201628554204376,0.177544834730862,0.0351308473684648,0.376627418846908,0.122951797879921
"BHS",2021,"Both",0.00215163306241661,0.0174854904060221,0.0415580058333722,0.0242274482614817,0.202301573979342,0.17853582434769,0.0345040249605848,0.379197764532982,0.120038234616109
"BIH",2000,"Both",0.0048123784622622,0.0199742803586874,0.0932838431158641,0.0511209672699175,0.164885965895436,0.183463581106469,0.0695010513259509,0.277100691736716,0.135857240728697
"BIH",2001,"Both",0.00493778542326235,0.0206721897392076,0.0915066797723495,0.0517176639190054,0.16721531518265,0.183737696614848,0.068567271134896,0.281320410047947,0.130324988165835
"BIH",2002,"Both",0.00491402904735555,0.0211148160583072,0.0897449080366949,0.0519518576911625,0.169564223171704,0.18398132114195,0.0673691525143662,0.285295669320726,0.126064023017734
"BIH",2003,"Both",0.00477521590898493,0.0213390529271352,0.0880308020177601,0.0519109602580551,0.171851205036054,0.184533963849145,0.0659734957577685,0.288896577915771,0.122688726329326
"BIH",2004,"Both",0.00455371080448722,0.021349786768859,0.0863270171216104,0.0516030872198506,0.174130003062406,0.185184584545759,0.0643975745103221,0.292256313781379,0.120197922185326
"BIH",2005,"Both",0.00436141507738347,0.0213589886795707,0.0846072315363387,0.0512860892941365,0.176372365346346,0.185830261236516,0.0628327650972351,0.295572442072062,0.117778441660411
"BIH",2006,"Both",0.00421168608655408,0.021385710006658,0.0828639038146871,0.0509854994783904,0.178566171918077,0.186470789978452,0.0612911577125796,0.298851230512531,0.115373850492071
"BIH",2007,"Both",0.00411987877516154,0.0214605724766346,0.0811559814153158,0.0507088392684933,0.180648456415496,0.187156820162353,0.0597943836560657,0.3020911119091,0.112863955921379
"BIH",2008,"Both",0.00407440767065279,0.0215856675582302,0.0794984718190224,0.0504710781410509,0.182579090373518,0.188052040319727,0.0583493035768298,0.305195542043444,0.110194398497525
"BIH",2009,"Both",0.00405898030941974,0.0217472607499941,0.0779280957083248,0.0502493688341854,0.184318896671544,0.189256971800554,0.0569522601967328,0.308095739047216,0.107392426682029
"BIH",2010,"Both",0.00405326969875531,0.0219135707908314,0.0763921477510932,0.0500269829955757,0.185946324175147,0.190618155152705,0.055587178305941,0.310852071887535,0.104610299242417
"BIH",2011,"Both",0.00405155887931845,0.0220838380931356,0.0748648127418238,0.0499320654023125,0.187604510289542,0.191467218681962,0.0543265157309064,0.313631485514695,0.102037994666304
"BIH",2012,"Both",0.00405150364443255,0.0222505806107443,0.073463507190712,0.0499701513117211,0.189171949530018,0.191983607025765,0.0531888903601296,0.316272729294718,0.0996470810317593
"BIH",2013,"Both",0.00405369482163171,0.0224165606946848,0.072077180284279,0.0501303952152232,0.190785315884025,0.191904280940857,0.0521555713591895,0.318996625073788,0.097480375726321
"BIH",2014,"Both",0.0040589910052168,0.0225807286391348,0.0708213902621678,0.0504411199017402,0.192348888837025,0.191342065770551,0.0512566830136909,0.321673362650161,0.0954767699203133
"BIH",2015,"Both",0.00405035525213137,0.0227077065051636,0.0694976909054532,0.050681413179733,0.194027129128781,0.190508892658759,0.0503541929173157,0.32456065868165,0.0936119607710134
"BIH",2016,"Both",0.00403587135901229,0.0228171616029022,0.0679884792120535,0.0509184432354754,0.196033608641152,0.188872614258384,0.0494664904924076,0.327949642363501,0.0919176888351119
"BIH",2017,"Both",0.00402375740680285,0.0229244316624151,0.0665213298738849,0.0512687291671935,0.198112716090399,0.186844249222407,0.0486655606655683,0.331402737470827,0.0902364884405016
"BIH",2018,"Both",0.00401500901983291,0.0230410628791847,0.0650580883051754,0.0516371022807547,0.200248959316934,0.184635371067182,0.0478988966591069,0.334967456235826,0.0884980542360029
"BIH",2019,"Both",0.0040189714193233,0.0231903372208178,0.0638088599020532,0.0521116143233566,0.202121830894181,0.182783420306551,0.0472230323005969,0.338163028867993,0.086578904765127
"BIH",2020,"Both",0.00402952040848489,0.0233471177300413,0.0627607836860062,0.0525720524195703,0.203635702031423,0.181867053561084,0.0465760918949256,0.340841283821956,0.0843703944465082
"BIH",2021,"Both",0.00403900655901976,0.0234990275467747,0.0617376752351501,0.0529090013652575,0.205030627543596,0.181428663384482,0.04589259405725,0.343417315597024,0.0820460887114458
"BLR",2000,"Both",0.00294841872022208,0.0167446202802783,0.0865717787739654,0.0483682697055054,0.168471911197004,0.173251513451381,0.064268531829333,0.272420926518901,0.166954029523409
"BLR",2001,"Both",0.00297569226056922,0.0169985666309446,0.0847913980610459,0.0484562227521349,0.170888391039347,0.17399653474982,0.0629285906136944,0.276192940147913,0.162771663744531
"BLR",2002,"Both",0.00299456761625348,0.0172264836955984,0.0830114340364802,0.0484877169863408,0.173281259367105,0.174683897220929,0.0615705039708072,0.279912827212219,0.158831309894267
"BLR",2003,"Both",0.00300354390066979,0.0174217787434187,0.0812564348612534,0.0484707007082107,0.175594078781511,0.175521036460845,0.060195493165824,0.283458074982638,0.155078858395629
"BLR",2004,"Both",0.00296484230352675,0.0174640889528837,0.0794978683427209,0.048230656675272,0.177850151892515,0.176342453876992,0.0586807713751397,0.28673906810878,0.152230098472171
"BLR",2005,"Both",0.00289148965970823,0.0173886968936687,0.0777333026824837,0.0478146309067035,0.180095353176912,0.177003112794252,0.0570810106964671,0.289896427181451,0.150095976008355
"BLR",2006,"Both",0.0027955774562206,0.0172279858846467,0.0759924553157224,0.0472846312409328,0.182285277961174,0.177686250386381,0.0554432846391829,0.292873076053804,0.148411461061936
"BLR",2007,"Both",0.00269402298995671,0.0170347326269311,0.0742491213048235,0.0467056236302209,0.184504636033478,0.178111808511359,0.0538266275380672,0.29589807185719,0.146975355507974
"BLR",2008,"Both",0.00261687546064007,0.0169103664467485,0.0725119600804136,0.0462414456931753,0.186746303641262,0.178416264363428,0.0523354520004152,0.299053090357945,0.145168241955972
"BLR",2009,"Both",0.00257431951143562,0.0169005136741696,0.0707738309990233,0.0459672622912534,0.189010724077563,0.178618849661907,0.0510106564174069,0.302380193146189,0.142763650221053
"BLR",2010,"Both",0.00257492415597333,0.0170335270630511,0.0691012085274972,0.0459767518443953,0.191274687680741,0.17857311787575,0.0499077709805492,0.305884842170797,0.139673169701247
"BLR",2011,"Both",0.00262102064052082,0.0173255288882327,0.0674764221881777,0.0462264340727118,0.193490245102832,0.178605269262078,0.0489897370573234,0.309530856671213,0.135734486116912
"BLR",2012,"Both",0.00271663390599601,0.0177967855728904,0.0659001025258208,0.0466699542529422,0.195657387952222,0.178621722445094,0.0482391000253787,0.313435282303205,0.13096303101645
"BLR",2013,"Both",0.00282389350423798,0.018332376404309,0.0641588103593304,0.0468825703083465,0.197869249098405,0.179058782640775,0.0473958857029371,0.317676860316592,0.125801571665067
"BLR",2014,"Both",0.0029129889747259,0.0188483970990049,0.0619940881149215,0.0465002470787673,0.200359735074102,0.180013903446894,0.0462490241017477,0.322588930593616,0.120532685516221
"BLR",2015,"Both",0.00295466430427528,0.0192398278506522,0.0595660874449994,0.0455225371808715,0.203048573190542,0.181223604696812,0.044817609848102,0.32792664892172,0.115700446562026
"BLR",2016,"Both",0.00291091659402411,0.0193662695069983,0.0568906505214162,0.043892842203102,0.205962739768371,0.182632130537406,0.0430537917245702,0.33348374599355,0.111806913150563
"BLR",2017,"Both",0.00282387558733823,0.0193236030896671,0.0543515147418341,0.042191248186961,0.208870837361304,0.183558989472448,0.0412927779276324,0.338885652830727,0.108701500802089
"BLR",2018,"Both",0.00273832675288327,0.019230093696719,0.0524062254451782,0.0409929220060982,0.211327206598848,0.183824585180139,0.0398714437775139,0.343422361019765,0.106186835522856
"BLR",2019,"Both",0.00266926573435295,0.0191488933671488,0.0508995428724069,0.0402977682903109,0.213438450210601,0.183503580430189,0.0387636955412764,0.34726388546386,0.104014918089854
"BLR",2020,"Both",0.00264193967941858,0.0191741343208036,0.0498407948327754,0.0401800635444465,0.215140097257983,0.182992946461564,0.0380048231341921,0.350396350654648,0.101628850114168
"BLR",2021,"Both",0.00264746941255873,0.0192869525973279,0.0491718153597781,0.0405449728698671,0.216420579794546,0.182511501351748,0.0375270790120628,0.352801146064895,0.0990884835372163
"BLZ",2000,"Both",0.00736187346368805,0.0241532119477652,0.0913257668979655,0.0496289471835728,0.148862172803209,0.170206798834538,0.103458794581803,0.268015082866025,0.136987351421434
"BLZ",2001,"Both",0.00731620784114534,0.024304966599701,0.0895140613575033,0.0495353627957197,0.151084917826703,0.169842757593661,0.101114115824297,0.272404829265245,0.134882780896025
"BLZ",2002,"Both",0.00721167838402291,0.0243743264176185,0.087753999840824,0.0493327456348144,0.153375477981277,0.169214258770399,0.0987380256552905,0.276877643823201,0.133121843492554
"BLZ",2003,"Both",0.00705686472809292,0.0243602258287829,0.0860170880821551,0.0490192875496594,0.155701480401669,0.168455264826536,0.0963339742331072,0.281383683245216,0.131672131104782
"BLZ",2004,"Both",0.00688119575742521,0.0242771695890384,0.0844035607796002,0.0487052342124576,0.157789473185807,0.168478596042762,0.0939341728657219,0.285329258461647,0.13020133910554
"BLZ",2005,"Both",0.00674321436643704,0.0242051882082052,0.0828627456937773,0.0484656392099247,0.159668464635644,0.168970223930079,0.0916277101806979,0.288909356710264,0.12854745706497
"BLZ",2006,"Both",0.00666884048582099,0.0241802364588647,0.0813101481915343,0.0482854721992899,0.161428697636574,0.169569048150019,0.0894393146316683,0.292398823670264,0.126719418575966
"BLZ",2007,"Both",0.00666985513548902,0.0242139009077828,0.0797777392703532,0.0481973917695798,0.163038890642841,0.170288961840768,0.0873792601555278,0.295750178970801,0.124683821306858
"BLZ",2008,"Both",0.00675637630981831,0.024344995942691,0.0782521482411559,0.0482179020032094,0.16453474555908,0.170970917404863,0.0854829322536873,0.299094436640285,0.12234554564521
"BLZ",2009,"Both",0.00687913869698589,0.024535808543144,0.0767463384185035,0.0483162319597093,0.165932943616338,0.171663115300063,0.083718358154601,0.302392007163112,0.119816058147543
"BLZ",2010,"Both",0.0069675401369026,0.0247158535521275,0.0752439877456762,0.0483800903901072,0.167312646913304,0.172275818604528,0.0820177634338608,0.305736313957449,0.117349985266044
"BLZ",2011,"Both",0.00698282059162434,0.0248728322041475,0.0737279300251704,0.0483783392042589,0.168800317975443,0.172367678190397,0.08038181397062,0.309404962382335,0.115083305456003
"BLZ",2012,"Both",0.00687557808758934,0.0249578529130542,0.0721802394388156,0.0482444756184594,0.170495549801912,0.171707132719924,0.0787734504331213,0.313558430930226,0.113207290056898
"BLZ",2013,"Both",0.00669494076369882,0.0249912068117229,0.070650806050707,0.0480169007465378,0.172279575253541,0.170546128265085,0.0772049894931941,0.318020396306741,0.111595056308772
"BLZ",2014,"Both",0.00651171060468056,0.0250396246492355,0.069144555332736,0.0477901453283747,0.174008171172544,0.169410352118586,0.0757061430285193,0.322487164580751,0.109902133184573
"BLZ",2015,"Both",0.00637152948400058,0.0251325636953398,0.0676371981836302,0.0476204715152738,0.175649782208867,0.16842419738556,0.0742704033282486,0.326855571670054,0.108038282529025
"BLZ",2016,"Both",0.00631028566228233,0.025284368554473,0.0661371915843637,0.0475675778637815,0.17711362081259,0.167914279461283,0.0728797909652543,0.330865265354086,0.105927619741886
"BLZ",2017,"Both",0.00630324960874494,0.0254769453826369,0.0646529902135416,0.0475639498090078,0.178463041510655,0.167780351925083,0.0714915434050903,0.334623216016801,0.10364471212844
"BLZ",2018,"Both",0.00631613169674135,0.0256635675076132,0.0631695319884421,0.0475383807149378,0.179795621010517,0.167656488962535,0.0700756922122274,0.338349465208579,0.101435120698406
"BLZ",2019,"Both",0.0063228886482961,0.0258121038888856,0.0617818665539379,0.0474723270975348,0.180978128138779,0.167914080203556,0.0686325008660448,0.341780187353762,0.099305917249203
"BLZ",2020,"Both",0.00632276740074236,0.0259334360250015,0.0606248352550533,0.0474728136042445,0.182065906416375,0.168434341444847,0.0672470843035907,0.344868953536637,0.0970298620135085
"BLZ",2021,"Both",0.00631801643527909,0.0260337468789092,0.0595420338383422,0.0475223863247475,0.183162274178689,0.168949972713603,0.0659078215313159,0.347834405086184,0.0947293430129303
"COK",2000,"Both",0.028618795253202,0.0246207328805691,0.0476595389977726,0.0374927134715291,0.153187183662987,0.215032291923742,0.0413921398722425,0.261515213676019,0.190481390261937
"COK",2001,"Both",0.0250532397840546,0.0240578403063831,0.0464436933027563,0.0362298221060289,0.154791146321285,0.214977204130844,0.0403501741666825,0.265693543719692,0.192403336162273
"COK",2002,"Both",0.0217043969917581,0.0233087566930421,0.0451807823321065,0.0348323463984664,0.156218896768593,0.214565191203868,0.0391957392881451,0.269562295834669,0.195431594489352
"COK",2003,"Both",0.0185313667551111,0.0224763245921278,0.0438945307875729,0.033353771371,0.157577733755225,0.213852634002487,0.03799443975511,0.273349712754949,0.198969486226417
"COK",2004,"Both",0.0161876902586023,0.0217072040724106,0.0425928101595695,0.0319979362717614,0.158632063489431,0.212896640627412,0.0368156509982981,0.276761455735984,0.202408548386531
"COK",2005,"Both",0.014701504048247,0.0210392118027087,0.0413016526651364,0.0308421159415999,0.159307718327697,0.211780122794674,0.0356901530369333,0.279676922704897,0.205660598678107
"COK",2006,"Both",0.0129385790122926,0.0203174648669494,0.0400360483695155,0.0295943713772477,0.16015173625572,0.210525408087002,0.0345594976125146,0.282842526346766,0.209034368071993
"COK",2007,"Both",0.0112633270418522,0.0195896905008435,0.0387934354013347,0.0283491285518782,0.161010276186195,0.209154745495707,0.0334408132853156,0.286025481734462,0.212373101802412
"COK",2008,"Both",0.00966689542819382,0.0189764531943827,0.0375878086477883,0.0271546111954595,0.162073014235687,0.207830565474236,0.0324049274240422,0.289674760392611,0.214630964007599
"COK",2009,"Both",0.00819363876518854,0.0182984684192703,0.0363858328254416,0.0259265837833479,0.163109438248653,0.206379374682622,0.0313373471615092,0.293196103279645,0.217173212834323
"COK",2010,"Both",0.00699205687705028,0.0176803436037664,0.0352098283130296,0.0247799378149358,0.164115597269827,0.204935443072156,0.0303128997057272,0.296714194121548,0.21925969922196
"COK",2011,"Both",0.00612922850699006,0.0171872581709288,0.0340882327136446,0.0238038742802158,0.165026454510389,0.203587180202297,0.0293798662114361,0.300189998543966,0.220607906860132
"COK",2012,"Both",0.00531926481401444,0.0165408964970752,0.0329688713374922,0.0227615823801936,0.165761829841808,0.20198523044686,0.0283675564948716,0.303129930317139,0.223164837870546
"COK",2013,"Both",0.00491685451444527,0.0162290691659191,0.031979676632562,0.0220904544673172,0.166432776250677,0.200764744096472,0.0275973819920595,0.30634369129298,0.223645351587568
"COK",2014,"Both",0.00458545106725177,0.0160086884914344,0.0310399723558024,0.0215038248682563,0.167189197916788,0.199675074562518,0.0268998130456212,0.309809726004298,0.223288251688031
"COK",2015,"Both",0.00420898980152709,0.0157993457062006,0.0301011696477091,0.0208791744034534,0.168143209729256,0.198655046610942,0.0262058725480297,0.313643348670452,0.22236384288243
"COK",2016,"Both",0.00403069667337216,0.0158020349922253,0.0292567283152064,0.0204853041454732,0.169079286693595,0.197929009647548,0.0256662373940043,0.317723442451728,0.220027259686847
