"ISO3","Year","Sex","Diarrhoeal","Digestive","Drowning","LRI","Malaria","Neoplasms","OtherInj","OtherCMPN","OtherNCD","RTI"
"AFG",2000,"Both",0.15227147671168,0.0157119827800849,0.0206864441499988,0.0809357905062749,0.279005165681824,0.0354201996149116,0.133976494746736,0.225121612352655,0.035309236951301,0.0215615965045339
"AFG",2001,"Both",0.143468541692825,0.0150067279361011,0.0208665355042234,0.080639314127885,0.276038311539995,0.0377083578679364,0.144602063961801,0.225789941675231,0.0340984483441462,0.0217817573498565
"AFG",2002,"Both",0.132738496150883,0.0143603177941857,0.0214300998716307,0.0806828398686338,0.273886890467404,0.0399720684119364,0.154934769568871,0.226424448833084,0.0335703184991432,0.0219997505342284
"AFG",2003,"Both",0.122094900184683,0.0137810260389151,0.0222421979657055,0.0810061228258441,0.273627184095067,0.041621885010339,0.162295263202933,0.22769616222802,0.033534125211144,0.0221011332373491
"AFG",2004,"Both",0.112294094314498,0.0132579453190464,0.0232785338472376,0.0815656086800381,0.275363965083846,0.0425015496624501,0.166378957761698,0.229312746090464,0.0339754672645366,0.0220711319761855
"AFG",2005,"Both",0.10583910205659,0.0127851821211607,0.0240774556602738,0.0820708850818008,0.279708370020991,0.0421818010786799,0.165241538032761,0.232003877830591,0.0342695488061597,0.0218222393109922
"AFG",2006,"Both",0.103185926036707,0.0123545031753034,0.0243964285446281,0.0824009495397452,0.287034826647467,0.0405877840644389,0.158379279702074,0.236230975521445,0.0341005612609549,0.0213287655072366
"AFG",2007,"Both",0.102727570611089,0.0119619720063184,0.0244165227272128,0.0826045942565744,0.296333346079444,0.0382908053873887,0.148247867503368,0.240992144074876,0.0337510574282405,0.0206741199254881
"AFG",2008,"Both",0.104537946541321,0.0115789263763806,0.0239937783294793,0.0824801069978582,0.306812115060905,0.0355101397564802,0.135974779175149,0.246292837794547,0.0329380116940746,0.0198813582738049
"AFG",2009,"Both",0.106777865519693,0.0112502900433165,0.0235102178714739,0.0822222140446335,0.316062811584852,0.0331544891181864,0.12535305187776,0.250284062534571,0.0322748647172625,0.0191101326882518
"AFG",2010,"Both",0.108382166546618,0.0109367896739577,0.0230357135290926,0.0818856998723005,0.32354569932843,0.0315101615928079,0.117433575763559,0.253202514409918,0.0316355170617566,0.0184321622215594
"AFG",2011,"Both",0.110006450701646,0.0106852762602202,0.0226104698631198,0.0815669741034789,0.328601879924797,0.030708442457792,0.111830802798676,0.255118961909629,0.0310173871572268,0.017853354823415
"AFG",2012,"Both",0.110948461533312,0.0105360988090585,0.0223770485544998,0.0814998293125589,0.331577344181862,0.0308409845234672,0.108358766549001,0.255712127297588,0.0307659479132428,0.017383391325411
"AFG",2013,"Both",0.111091708679017,0.0104460003916299,0.0224104667461197,0.0816733194707122,0.332321012035803,0.0319033334067286,0.106727789511617,0.255752776074911,0.0306502083314203,0.0170233853520419
"AFG",2014,"Both",0.11017758295505,0.0103900226052894,0.0227502232112113,0.0820558342664747,0.330843717349669,0.0339006855217615,0.106995052003771,0.255493687262684,0.0306067015534932,0.0167864932705962
"AFG",2015,"Both",0.107464736325295,0.0102546992359088,0.0231618574507045,0.0823881786459037,0.329044068641173,0.036429521326182,0.108525353965179,0.255864308508404,0.0302449595233624,0.016622316377887
"AFG",2016,"Both",0.103183136651131,0.0100750736274792,0.0238423384861662,0.0827183588842586,0.325363746041146,0.0398048645528743,0.112705720417107,0.255866815686775,0.0298414293630283,0.0165985162900344
"AFG",2017,"Both",0.09855675230293,0.00985178723673511,0.024485312270668,0.0828062098683324,0.320741329769383,0.0435308227407643,0.118638510953813,0.255465221388093,0.029274236200907,0.0166498172683742
"AFG",2018,"Both",0.0946926073471369,0.00962007723345968,0.0249019743487057,0.0826442101188933,0.316744683771039,0.0468642523199115,0.124449383908537,0.2547270412799,0.0286731892677359,0.0166825804046814
"AFG",2019,"Both",0.0921996234324922,0.00948238254967838,0.0252693519867894,0.0823512216095808,0.310319142762439,0.0504450801223796,0.132838224597363,0.25175632642605,0.0285173454086668,0.0168213011045598
"AFG",2020,"Both",0.0911982949693566,0.00936946626679438,0.0252983501506532,0.0817835371079698,0.30383127883126,0.0534231309856403,0.141156206403585,0.24877713954668,0.0282010025193479,0.0169615932187129
"AFG",2021,"Both",0.0915753368800521,0.00926462446811757,0.0248987306673529,0.0810327783558258,0.299278408417011,0.05522968800697,0.147384467274657,0.24661405224761,0.0276962771987083,0.0170256364836954
"AGO",2000,"Both",0.0819544603767651,0.00120771816535704,0.0047000000676185,0.0376847691331441,0.745358460276237,0.000395027240552429,0.000343140794460617,0.117783856070371,0.008610953438852,0.00196161443664178
"AGO",2001,"Both",0.0806105972137676,0.0012348755314273,0.00502540413523895,0.0388253194353676,0.742131515696044,0.000502101163115835,0.000434501031542068,0.120021429388648,0.00911247018061647,0.00210178622423212
"AGO",2002,"Both",0.0794533631858789,0.00126699518496865,0.00540900466497357,0.0401446761353092,0.737973981984848,0.00065023946493867,0.000565233827887155,0.122560179055074,0.009709052053386,0.00226727444273534
"AGO",2003,"Both",0.0788470698776033,0.00130311052411572,0.00584717169646725,0.0416865259232669,0.732688006090823,0.000854967441258923,0.00075810530167456,0.125135294232948,0.0104065014622292,0.00247324744961343
"AGO",2004,"Both",0.0804464207037454,0.00136026789607524,0.00631185164561532,0.0435743053027829,0.723790138968261,0.00114445747104299,0.00105654911642652,0.128348492754979,0.0112198925863177,0.00274762355475395
"AGO",2005,"Both",0.083506718675074,0.00144577048514767,0.00684978542878436,0.0459305553835021,0.711127177435946,0.00155096839716074,0.00151481078108807,0.132739037859843,0.0122309446227533,0.00310423093070001
"AGO",2006,"Both",0.0869289279222198,0.00156320530878317,0.00750955757337532,0.0488597537700915,0.694723737922785,0.00210850816900345,0.00220535552508532,0.139074124609079,0.0134648525380905,0.00356197666148696
"AGO",2007,"Both",0.0895234298740515,0.00171489772956109,0.00837565978473264,0.0526444800257783,0.67405283529859,0.00287008309391937,0.0032817677935341,0.148388364186538,0.0149590979713277,0.00418938424196693
"AGO",2008,"Both",0.0914008524601637,0.00189681503984922,0.0094159288776631,0.0571873667905497,0.649430102254805,0.00385570349543497,0.00491155975107095,0.16022199311262,0.0166541266585192,0.00502555155932362
"AGO",2009,"Both",0.0920127295735944,0.00208150077159169,0.010548522411399,0.0622383098825031,0.622621257850432,0.00500175894221694,0.0072374412985318,0.173846842403596,0.0183075001720667,0.0061041366940684
"AGO",2010,"Both",0.0912642652766965,0.00224047280759077,0.0117262055570874,0.0674375260389769,0.596004192839372,0.00629818971561612,0.0104579977471568,0.187364422569317,0.0197821693610534,0.00742455808713353
"AGO",2011,"Both",0.0895236453994593,0.00235232131431642,0.0127629411086593,0.0721431008839276,0.572353483705091,0.00766584312106229,0.0145458362236027,0.198851623342568,0.0209192354287543,0.00888196947255892
"AGO",2012,"Both",0.0865064307689223,0.00240388777266917,0.0135792906261402,0.0760372113209323,0.553260137755224,0.00913157679807457,0.0196204818253645,0.207393056406769,0.0216609592121142,0.0104069675137896
"AGO",2013,"Both",0.0827273677556577,0.0024050618423585,0.0141938553244361,0.0789480454979525,0.539178522969912,0.0106986174219727,0.0254235882223919,0.212464486367627,0.022112386145092,0.0118480684526001
"AGO",2014,"Both",0.0788829512139346,0.00235954865318391,0.0144796032408347,0.0807467420062316,0.530763278243208,0.0120926773932722,0.03114334765945,0.214220897191548,0.0222419928670185,0.0130689615313186
"AGO",2015,"Both",0.0746758194865171,0.00228281461405145,0.0147212891546454,0.0819280083734415,0.525962715510245,0.0135026549509086,0.0369099246302852,0.213693824493929,0.022172599897545,0.0141503488884322
"AGO",2016,"Both",0.0713436633208907,0.00220777163039993,0.0152503377988816,0.0832090193148172,0.520402557131569,0.0152015143957577,0.0433216119247081,0.211646735956384,0.022144860112752,0.0152719284138399
"AGO",2017,"Both",0.0693615557837807,0.0021458987140867,0.015930354663231,0.0845041093327099,0.513103835721199,0.0171349250275247,0.0504038631718639,0.208848988394177,0.0221338100609172,0.0164326591305099
"AGO",2018,"Both",0.0686534313897302,0.00211699821032248,0.0168802779171271,0.0859568896743275,0.501566444165595,0.0196591718818867,0.0588104754894482,0.206451091872477,0.0222329029822138,0.0176723164168719
"AGO",2019,"Both",0.0701724428448993,0.00213611093819375,0.0179403848951232,0.0874094498168689,0.484717388126855,0.022872323655078,0.0687824217944324,0.204544489117653,0.0224789805100277,0.0189460083008686
"AGO",2020,"Both",0.0721644025853608,0.00217311248773272,0.0187019334335701,0.0883506224396039,0.467030564244963,0.0261478775104243,0.0795035593652493,0.203143638263663,0.0227072783310109,0.0200770113384217
"AGO",2021,"Both",0.0742807005208169,0.00221851166762611,0.0192711477620973,0.0888869082319451,0.449863035934949,0.0293789086727105,0.0900582322259736,0.202140089128235,0.0228962938549672,0.021006172000679
"BDI",2000,"Both",0.0365584466897295,0.000407006397299311,0.00126525057046157,0.0209482655545995,0.864795417146287,2.06034235867191e-05,8.40690622208111e-06,0.0725336066824207,0.00324807000024392,0.00021492662914922
"BDI",2001,"Both",0.039642002117536,0.000525674195493308,0.0016919074957949,0.0248248960486151,0.844901167175037,3.97364697322255e-05,1.8350974067849e-05,0.0839079578054992,0.00414168372538967,0.000306623992834223
"BDI",2002,"Both",0.0438362899738457,0.000704213888391994,0.00233266752839939,0.0299756116515173,0.817833283455292,8.13412064079066e-05,4.36472552901942e-05,0.0993021853568365,0.0054362864622792,0.000454473221740121
"BDI",2003,"Both",0.048956503483331,0.000969262207886049,0.00325645036510819,0.0364467814680282,0.782923019829386,0.000171353189352564,0.000107172580739144,0.11925560733176,0.00723005416044479,0.000683795383964815
"BDI",2004,"Both",0.0535012849616095,0.00134846474127697,0.00460445290507564,0.0444145591987472,0.740283995253057,0.000366766474325664,0.000266445024028145,0.144517831298392,0.00965958311622952,0.00103661702725824
"BDI",2005,"Both",0.056776903902841,0.00185239616208407,0.00644789069422503,0.0535678959146683,0.692446516990096,0.000762971967825092,0.000637500353700962,0.173180694090437,0.012776797895098,0.00155043202902502
"BDI",2006,"Both",0.0583907365838158,0.0024754154951061,0.00874972165252069,0.0632527090774145,0.64195946123485,0.00147782085659917,0.00139029966199603,0.203643130507819,0.0164216220460617,0.00223908288381707
"BDI",2007,"Both",0.0586834104801861,0.00318568372534141,0.0113762121983371,0.0730252697327906,0.590731129347982,0.00257583063557131,0.00272003504440538,0.234220597803803,0.0203576255332493,0.00312420549833303
"BDI",2008,"Both",0.0587756151274369,0.00390235462417119,0.0139113894163225,0.0817021705269587,0.544045773111273,0.00392998333461856,0.00462001333894383,0.2608950817564,0.0240930591779986,0.00412455958587702
"BDI",2009,"Both",0.0584066394371226,0.00452182080291036,0.016102654987536,0.0887029634518791,0.505125434159449,0.00526761646722876,0.00684237553729903,0.282728040058812,0.027165918237201,0.00513653686056211
"BDI",2010,"Both",0.0579798933234657,0.00497173946180633,0.0178231860178847,0.0939672467479448,0.475745796090341,0.0063383700111399,0.00902133082455006,0.298699189094878,0.0293855283799207,0.00606772004806876
"BDI",2011,"Both",0.0577855117532174,0.00524125827728647,0.0190024307467365,0.0974651315593888,0.456281813982164,0.00707608763835257,0.010812962351322,0.308783727918193,0.0307411287450676,0.006809947028272
"BDI",2012,"Both",0.0572958474609793,0.00536749813754407,0.01987548937048,0.0998798354102716,0.444690851783362,0.00761954814036845,0.0121919080751406,0.314138158082107,0.0315695911815543,0.00737127235819282
"BDI",2013,"Both",0.0567013951868636,0.00540079766891495,0.0204907627904855,0.101636283598375,0.439496083616226,0.00813804101464492,0.013270710902718,0.314969025839107,0.0321184638920946,0.00777843549057126
"BDI",2014,"Both",0.0562542537968392,0.00536577562569488,0.020825730957584,0.102843607640963,0.439255862818311,0.00867842699320308,0.0141641845715374,0.312105868422182,0.0324528637431537,0.00805342543053221
"BDI",2015,"Both",0.0558555776965561,0.00524944506008599,0.0208611692985957,0.103553665463046,0.444089324669834,0.00919739666229751,0.0149463983889804,0.30540846486716,0.0326055758534613,0.00823298203998306
"BDI",2016,"Both",0.0553907104771064,0.00506797966184404,0.0207300502081136,0.103929882965356,0.452296131753384,0.0097070345648321,0.0158034422650198,0.296040017380857,0.0326567461496006,0.00837800457388655
"BDI",2017,"Both",0.0551043828141036,0.00487204119866407,0.0205577165334614,0.104154316059363,0.460785509930306,0.0102106006499169,0.0168662138441081,0.286225443303891,0.0326816864988655,0.00854208916731993
"BDI",2018,"Both",0.0546223715399103,0.00468560915588417,0.0203991494329798,0.104268993413746,0.468224360516723,0.0107115251739022,0.0181646157919622,0.277450760469422,0.032737587768696,0.00873502673677461
"BDI",2019,"Both",0.0539077149304691,0.00458580661747085,0.0206210502163905,0.104851107586633,0.469992037414434,0.0114453438121751,0.0198992105967718,0.272642420412554,0.0330482577259417,0.00900705068715996
"BDI",2020,"Both",0.0533553124565012,0.00456237999486764,0.0209807506786608,0.105646786896154,0.467509992688435,0.0122653272996508,0.0218300551600983,0.271083682813344,0.0334543233297939,0.00931138868249423
"BDI",2021,"Both",0.0528115651837953,0.00458938633492042,0.0213985013985814,0.106492985963557,0.462273885242066,0.0131227187406315,0.0238112789391316,0.272015274873278,0.0338729793918901,0.00961142393214818
"BEN",2000,"Both",0.0874592255962408,0.00732785054043432,0.0279551218331572,0.0946205183274467,0.463827682314188,0.0146728740397965,0.0106662397118295,0.24009913810533,0.0395013625400156,0.0138699869915606
"BEN",2001,"Both",0.0865314675927141,0.0067984326713421,0.0271455658932426,0.0940499216459598,0.469703742341374,0.0155988489068305,0.0116316885705705,0.237457235303364,0.0370898475993536,0.013993249475249
"BEN",2002,"Both",0.0866316307383855,0.00620144007430628,0.0258614857513599,0.0930780352584626,0.479273063699543,0.0163234115220068,0.0125090883371163,0.231556773272312,0.0345405662262049,0.0140245051203035
"BEN",2003,"Both",0.0868260466651129,0.00560277434509122,0.0244376287476434,0.0920276250567063,0.490693600978603,0.0168726633385505,0.0133261637122953,0.224036239853387,0.0321377673626578,0.0140394899399532
"BEN",2004,"Both",0.086452917200376,0.00497569515966011,0.0227526642777988,0.0905109931021704,0.502998637387295,0.0170648122699439,0.0139483915970556,0.218284458729564,0.0289923309343636,0.014019099341773
"BEN",2005,"Both",0.0855093060215727,0.00453713525899621,0.021627879168905,0.0897762535037816,0.509761677362864,0.0172342889936929,0.0146473637603943,0.215933511287002,0.0268156369819293,0.0141569476608618
"BEN",2006,"Both",0.0840898385916971,0.0043076285228651,0.0211352037708241,0.0899615747219094,0.507952446901872,0.0174516410703041,0.0154540403557877,0.219696216954311,0.0254703986970529,0.0144810104133773
"BEN",2007,"Both",0.0834398241692821,0.00429433425926714,0.0211862954792037,0.0910230353855704,0.495928969436806,0.017756216427855,0.0164677194909391,0.22996745506128,0.024913994126843,0.0150221561629535
"BEN",2008,"Both",0.0843666417875373,0.00456541980043355,0.0219553449851108,0.0933617526240025,0.473343804949974,0.0183040196456741,0.0178129482988141,0.244528154090148,0.025948155769634,0.0158137580486723
"BEN",2009,"Both",0.0851834267965089,0.00496077615414108,0.0230762865071376,0.0960272350873383,0.446553365942538,0.0188430619779907,0.0192696678573698,0.261806164621092,0.027571322683802,0.0167086923720816
"BEN",2010,"Both",0.0859534863662134,0.00540677831952621,0.0241909919846387,0.0987166751923932,0.420143324523368,0.0194114124500162,0.0207627622850246,0.278311530952111,0.0294327275546961,0.0176703103720122
"BEN",2011,"Both",0.0852858408459629,0.00579878060076068,0.0252114498832964,0.101409244359778,0.39741197078522,0.0203052606315003,0.0223358012594359,0.292546114580715,0.0309843296912293,0.0187112073621009
"BEN",2012,"Both",0.0825619499362037,0.00597939999124131,0.0257419604751717,0.103630779270522,0.382099401305815,0.0212992048833335,0.0236775132554239,0.303983316234596,0.0312900695082513,0.0197364051394411
"BEN",2013,"Both",0.0792648755276191,0.00600375076053702,0.0258215021109374,0.105437129801349,0.374628582839791,0.0229588590267701,0.0250224248974314,0.309271329972719,0.0310001763047199,0.0205913687581267
"BEN",2014,"Both",0.0767589502874758,0.00581209172476433,0.0251971534444306,0.105651631296159,0.375245475543324,0.0250386822177377,0.0259166464736882,0.310162832358065,0.0293952910204092,0.0208212456339461
"BEN",2015,"Both",0.0761743336806682,0.00546474179312374,0.0238790478623811,0.103681132650143,0.383993812424794,0.0273132656551145,0.0261762370361143,0.306178199911353,0.0270461616565691,0.020093067329739
"BEN",2016,"Both",0.0766988649264454,0.00522103769526122,0.0232703698794355,0.10128511997267,0.396034731851565,0.0310523917915103,0.0266592651781743,0.294720420864111,0.0263226586529784,0.0187351391878484
"BEN",2017,"Both",0.0788514083535689,0.00503385474849412,0.0227442806127396,0.0980971034505589,0.405206841434524,0.0356928363387902,0.0272628772086859,0.284356186962551,0.0255786658871805,0.0171759450029073
"BEN",2018,"Both",0.0807919336261915,0.00498386043630536,0.0228370836716892,0.0957536107800072,0.408493164759175,0.0416429222362695,0.0287353282582205,0.27492789732015,0.0258323924435892,0.0160018064684029
"BEN",2019,"Both",0.0816039925857812,0.00505371499091578,0.0235998273087985,0.0949259132329271,0.404041650016252,0.0488193181797482,0.0314699744980645,0.268048168387861,0.0269015697772217,0.0155358710224301
"BEN",2020,"Both",0.0825540217797844,0.0050687397552768,0.0237378736541696,0.0940911812060801,0.39667573914182,0.0543826202940226,0.0340892553142076,0.267295686677954,0.0266457637382235,0.0154591184384614
"BEN",2021,"Both",0.0820880906659397,0.00508128872109425,0.0241139221768381,0.0940184093909939,0.389106845061825,0.0593112194271971,0.0370921389452866,0.266781582286324,0.0266994292653428,0.0157070740591584
"BFA",2000,"Both",0.128372925726198,0.00416587339010812,0.0122351111264112,0.0866206808217585,0.525470348628911,0.00171177443812165,0.00296239955966254,0.210233464169287,0.0156718115695291,0.0125556105700116
"BFA",2001,"Both",0.110054659578438,0.00391710800063245,0.0134098615261128,0.0882510737136375,0.53516997479882,0.00207944236573409,0.00347795364340701,0.215072352883096,0.0161057591282424,0.0124618143618789
"BFA",2002,"Both",0.0944611382422788,0.00371796254396497,0.0146792514551797,0.0897612069000357,0.539609033890069,0.00256277065600741,0.00410933898870575,0.222315140755795,0.0164668036062778,0.0123173529616859
"BFA",2003,"Both",0.0836410415975823,0.00365030050821482,0.0159779057809489,0.0915228760430219,0.536363490014196,0.00318910829103503,0.00488783373718814,0.231472703085006,0.0170283999047717,0.0122663410380351
"BFA",2004,"Both",0.0784396057188968,0.00362261443775715,0.0165294903898108,0.0922071353175186,0.527481485330849,0.00387712530588679,0.00570719867695497,0.243164271971182,0.0167537691613232,0.0122173036898208
"BFA",2005,"Both",0.0746602880143607,0.0036331329064376,0.0170963629983496,0.0930579004989533,0.51846965490731,0.00468941483702423,0.00666910492745219,0.252720043231651,0.0166915858790205,0.0123125117994399
"BFA",2006,"Both",0.0713749061665998,0.00361862890522052,0.0177734882002391,0.0940631372217309,0.513545013924747,0.00562394530343969,0.00782609573744776,0.256716818785788,0.01690052950152,0.0125574362532671
"BFA",2007,"Both",0.0690669531074198,0.00351875431319405,0.0182295926479341,0.0944903579063176,0.514522628218858,0.00658557480318985,0.00909342098943602,0.254743152828474,0.0169379717862352,0.0128115933989415
"BFA",2008,"Both",0.0669961252412516,0.0034192601507026,0.019019886926244,0.0952971841281822,0.51996930787451,0.00766237250827309,0.0105681089927512,0.246297917718289,0.0176849477373309,0.0130848887224649
"BFA",2009,"Both",0.0664061772559078,0.00331250518290844,0.0195632020662663,0.0955832016273164,0.525221966142725,0.00880062417201778,0.0121923474147951,0.237379973747941,0.0182987255080446,0.0132412768820781
"BFA",2010,"Both",0.0672843187669348,0.00325434534197819,0.0198915986631751,0.0954908213423331,0.526242079068013,0.0100029899664328,0.0138643616528554,0.23196801152499,0.018814188564046,0.0131872851092415
"BFA",2011,"Both",0.069078860407606,0.00326280309491099,0.0202016764365536,0.095498252487976,0.520756926141793,0.0113077650650987,0.0157214571440052,0.23179020765113,0.0193800071593325,0.0130020444115946
"BFA",2012,"Both",0.0717864723515756,0.00327608121440851,0.0199981515912173,0.095061930918163,0.508586066937061,0.0123547417143099,0.0174834529034048,0.239630515949289,0.0190762465765568,0.0127463398440139
"BFA",2013,"Both",0.0740726801132859,0.00333920136036926,0.0199139759536229,0.0953876088004658,0.488051380515393,0.0132468987044012,0.0194376419617693,0.255266302978876,0.0185411748421043,0.0127431347697116
"BFA",2014,"Both",0.0753161311709441,0.00336351054385516,0.0195930989751044,0.0960328773174851,0.461753406121509,0.01356160100465,0.0213888581597477,0.278647191765782,0.0171952455620236,0.0131480793788989
"BFA",2015,"Both",0.0749755365443439,0.00338483189874685,0.0192864008581871,0.0975024618650689,0.429604270909642,0.0134238089344458,0.023564002668764,0.308443039980045,0.0155514846615311,0.0142641616792257
"BFA",2016,"Both",0.0724984867187915,0.00354891997769333,0.0200495586919139,0.101325833662733,0.393317259157268,0.013571255554568,0.0268532587293399,0.33727999856909,0.0151974470405386,0.0163579818980641
"BFA",2017,"Both",0.0695073142266645,0.00372079352581969,0.0208070567594298,0.105220490128832,0.36122639475225,0.0135296890537432,0.0302601943977096,0.361614516495222,0.0151050075696139,0.0190085430907162
"BFA",2018,"Both",0.0664086815329576,0.00399635094296417,0.0222633650756744,0.110035607204301,0.333984034191567,0.0139737435494374,0.0346683550169785,0.376341193805724,0.0161201740938797,0.0222084945865156
"BFA",2019,"Both",0.0640639117977417,0.00431442807396111,0.0240805427992031,0.114600269264134,0.313666005840503,0.0149809870054528,0.0398617432332611,0.381242436587331,0.017886947413955,0.0253027279844572
"BFA",2020,"Both",0.0629537621213578,0.00446549517362132,0.0250163289875719,0.116851858861774,0.30225045251357,0.0158720532867839,0.0441640940016888,0.382228247405895,0.0187777038510389,0.0274200037966972
"BFA",2021,"Both",0.0620023545192605,0.00460359389518735,0.0262195141476112,0.118868979315634,0.293697238721705,0.0172022891469497,0.0491098787652677,0.37925573960342,0.0198981892307697,0.0291422226541943
"BGD",2000,"Both",0.0541634382681656,0.0229713638397729,0.0946868441533378,0.0783057518622982,0.134436202892916,0.0522522001922243,0.263649391722886,0.162499973862519,0.0938543887017031,0.0431804445041771
"BGD",2001,"Both",0.050565309916338,0.0214805258170643,0.0915732313391473,0.0756853982250071,0.127860681331865,0.055422739266231,0.288183453170561,0.158754726947375,0.0872010717849786,0.0432728622014328
"BGD",2002,"Both",0.0495998016643413,0.0207596469759835,0.0904117247516739,0.0755194961450106,0.129121267658819,0.0561939149865031,0.289690723976451,0.161386067780714,0.0842816845770424,0.0430356714834612
"BGD",2003,"Both",0.0498880743977206,0.0205150557090824,0.0909016940174349,0.0770192374839122,0.135648136321424,0.0555640800485049,0.275670484159028,0.168176260311023,0.0840625306655636,0.0425544468863071
"BGD",2004,"Both",0.0505660887951614,0.0204784720196605,0.0923976710417539,0.0789980091895442,0.14386205707225,0.0541314159534167,0.256408521853317,0.175371781729043,0.0859631572496315,0.0418228250962218
"BGD",2005,"Both",0.0520959267839151,0.0204824818206264,0.0928158719257857,0.0805243731122702,0.151148728809797,0.0527624295453105,0.240113254937655,0.181391801188669,0.0876493822116085,0.0410157496643626
"BGD",2006,"Both",0.0534269192992841,0.0202844084235761,0.0925497344605123,0.0812424671135444,0.156202138494918,0.0519091598796272,0.230347089958276,0.185346320729377,0.088461922239506,0.0402298394013796
"BGD",2007,"Both",0.0545583995417671,0.0198650726609829,0.0914538163244056,0.0808276800081713,0.157205827639704,0.0519249763673019,0.230466006970137,0.185684131692004,0.0884047085252137,0.0396093802703136
"BGD",2008,"Both",0.0545748464851821,0.0191551750136921,0.0893143571140873,0.0793422822291625,0.154195443533767,0.0537035511321685,0.241114394266267,0.182959529243854,0.0864612673814719,0.0391791536003477
"BGD",2009,"Both",0.0532227893095625,0.0181416918323507,0.0862930722400009,0.0769242041680812,0.148012810675242,0.0570450144674372,0.26110240831467,0.177808077865795,0.0826139822387186,0.0388359488881424
"BGD",2010,"Both",0.0507087531298991,0.0170144465150904,0.0828184957385158,0.0738107904638187,0.139172256428948,0.0617969288620408,0.288073409486365,0.169940274176535,0.078238574445278,0.0384260707535087
"BGD",2011,"Both",0.0480298439709747,0.0159002576526712,0.0790292253888612,0.0709145006889854,0.131699740004353,0.066634156917963,0.313187200004486,0.163279890358346,0.0734273553681918,0.0378978296451667
"BGD",2012,"Both",0.0465263234910676,0.0150477327853705,0.075732948396157,0.0690949621659437,0.128083171234508,0.0701294899869807,0.32838615232272,0.160048542836734,0.0696177527809183,0.0373329239996006
"BGD",2013,"Both",0.0457423649148295,0.0145166765488488,0.0740794415047719,0.0684918463649198,0.127786426392225,0.0721730086317854,0.332955504180502,0.159219756033024,0.068248881720625,0.0367860937084692
"BGD",2014,"Both",0.046270316984181,0.0141945914034364,0.0731389170013644,0.068910605758714,0.131057267482739,0.0724055261700405,0.328081796539957,0.161888542041788,0.0677084255391459,0.0363440110786336
"BGD",2015,"Both",0.0475273888443828,0.0139909751331659,0.0726083414595261,0.0697098143626682,0.135685916213643,0.0718961043953035,0.319188304599859,0.165868704298581,0.0675905308297694,0.0359339198631018
"BGD",2016,"Both",0.0481252050807295,0.0137521064722813,0.072128077585904,0.0700259535629109,0.1384210678857,0.0723638056248099,0.314405408880999,0.1678647254303,0.0674171940149071,0.0354964554614582
"BGD",2017,"Both",0.0476877475079348,0.0133808235327686,0.0709412693788442,0.069367602085423,0.137780458940992,0.0744733430905769,0.318173430123941,0.166866463635803,0.0662569891862301,0.0350718725174864
"BGD",2018,"Both",0.045412300081568,0.012782916795641,0.0686478299328243,0.0672419354919327,0.132093517122135,0.0790058739230997,0.335244793237213,0.161058921933125,0.0639096172406255,0.0346022942418361
"BGD",2019,"Both",0.0407192432325726,0.0118936773371684,0.0653749970981935,0.0631127253739303,0.1195831761126,0.0866613735803944,0.369925921146045,0.14823282987021,0.0606114993563096,0.0338845568925766
"BGD",2020,"Both",0.0351933097250061,0.0107534661817585,0.0609433376553033,0.0574269464996152,0.103362168534924,0.0945753060779895,0.417459468460028,0.13158951581349,0.055870310115581,0.0328261709363039
"BGD",2021,"Both",0.0309229780706654,0.00975863260562281,0.0566174538469722,0.052458206176514,0.0905240145306175,0.10052671220641,0.458108038355827,0.11814806090469,0.0512622365768052,0.0316736667258748
"BOL",2000,"Both",0.0196859078500633,0.0186247277363182,0.046024321872426,0.10834069108733,0.0428552124213388,0.115898538296252,0.190962983005593,0.245844228689024,0.13154964307609,0.0802137459655642
"BOL",2001,"Both",0.0183854268205285,0.0181394940534312,0.0466827706700312,0.105360233531991,0.0414493794415535,0.123199192624873,0.19877144716496,0.23765721215176,0.131339138655516,0.0790157048853552
"BOL",2002,"Both",0.0171568929937735,0.0176123162380099,0.0472851232658039,0.102723590451734,0.0400493269904626,0.128874625868559,0.206605165532027,0.230479048127486,0.130931424045468,0.0782824864866773
"BOL",2003,"Both",0.0163746849224429,0.017127805873078,0.047462684913441,0.100205936188824,0.0389606564164843,0.134398280777357,0.214075799391542,0.223788393263805,0.130692965856472,0.0769127923965541
"BOL",2004,"Both",0.0160151298861973,0.0167080168769395,0.0470971163565539,0.0979582403695792,0.0380171642919533,0.138725828714904,0.221571877550345,0.217916180470083,0.130545888719913,0.0754445567635308
"BOL",2005,"Both",0.0157417145622029,0.0163344959778115,0.0465642896658807,0.0960374360344615,0.0370279487117412,0.141506183479989,0.228827568687164,0.213146783809681,0.130361561101966,0.0744520179691031
"BOL",2006,"Both",0.0158158939248068,0.0160181477100841,0.0456912739479593,0.0935689008933549,0.0364867874102947,0.148191281909938,0.235023288927403,0.206855806442787,0.130950734474671,0.0713978843587011
"BOL",2007,"Both",0.0159212356196732,0.0156972457301053,0.044680336634959,0.0906019792450373,0.036165371924809,0.15886229644595,0.240050640902497,0.19933900136085,0.131621669509269,0.0670602226268496
"BOL",2008,"Both",0.0156994351678134,0.0152788576577388,0.0438299819526198,0.087008753906274,0.0359558226175985,0.174908995389224,0.24339452806928,0.189919868372833,0.132440699483829,0.0615630573827894
"BOL",2009,"Both",0.0151455820264214,0.0147838953031975,0.0428205369361661,0.0828713464531471,0.0354377614831945,0.195570235169706,0.24614564500927,0.178902192847384,0.132303792442833,0.0560190123286812
"BOL",2010,"Both",0.0145567277206192,0.0143338695853968,0.0415931722925468,0.0790025237976651,0.0345719959424131,0.215757575206144,0.248688813185717,0.168909428089532,0.130816496004051,0.051769398175914
"BOL",2011,"Both",0.0140244211155734,0.0139534169429375,0.0404191964007103,0.0757294961111239,0.0333897145130802,0.23200625735161,0.252188410554574,0.160436323744854,0.12883889719976,0.0490138660657774
"BOL",2012,"Both",0.013826421917829,0.0137198400584816,0.0393355780074084,0.0734678327410219,0.0322391354994878,0.240930654400262,0.256968869187962,0.154894482406279,0.126771319344268,0.0478458664369996
"BOL",2013,"Both",0.0141683162051838,0.0136232089007809,0.03838098711856,0.072095966025898,0.0315445385001583,0.242903882646796,0.262342537746326,0.15216515478433,0.125270819820583,0.0475045882513843
"BOL",2014,"Both",0.0147879772226292,0.0135537546402938,0.0376065379335927,0.07111391310234,0.0312670483835093,0.241973970143101,0.267411077433298,0.150701822156515,0.12437896555272,0.0472049334320008
"BOL",2015,"Both",0.0157243759477049,0.0135025878288665,0.036591547845152,0.0702361503475679,0.0316095957638488,0.240970295774378,0.271071434878027,0.149998660836887,0.123932186445651,0.0463631643319167
"BOL",2016,"Both",0.0170101263333631,0.0134970726614612,0.035214122776088,0.0690814464053424,0.0322240092226146,0.242654839164819,0.273184490699571,0.148735855303598,0.123586669387118,0.0448113680460242
"BOL",2017,"Both",0.0184246105271635,0.0135381066749052,0.0335183314815837,0.0676591185185169,0.032635594504683,0.246579759682427,0.27506843981133,0.146624919568721,0.1227882718098,0.04316284742087
"BOL",2018,"Both",0.0199996247667211,0.0136754662178562,0.0316918298754316,0.0663379836342423,0.0329129300107436,0.25033101864673,0.276561510484657,0.144584908821085,0.122091693074132,0.0418130344684
"BOL",2019,"Both",0.0215084401098029,0.0138617664687842,0.0301038523417031,0.0651050256567653,0.03257926209488,0.253214162425974,0.279200173574475,0.142352537346162,0.12093107439581,0.0411437055856437
"BOL",2020,"Both",0.0224467637224706,0.0139706372582129,0.0289497104446328,0.0641781124274797,0.0319177195117816,0.253786051009695,0.283570895075948,0.140543416552833,0.119453952407235,0.0411827415897112
"BOL",2021,"Both",0.022858456795274,0.0139781075568474,0.0281652259154591,0.0633695849874168,0.0312368877250201,0.253891181550612,0.28820542339189,0.13877424640619,0.118200313354552,0.0413205723167375
"BTN",2000,"Both",0.0380993049953074,0.0342909418913534,0.183689016106038,0.0975539813516721,0.0749627339004083,0.0503252497271278,0.127394707516098,0.200993837066089,0.140437211032391,0.0522530164135155
"BTN",2001,"Both",0.0350072550351169,0.0324561245803731,0.178370481401885,0.0924208218170161,0.0669313097521749,0.0611241100967024,0.158574236920445,0.189017384694476,0.132462286223416,0.0536359894783953
"BTN",2002,"Both",0.0343936757944903,0.0319143089032769,0.174524263821298,0.0905109771410289,0.0650955412494103,0.0671448459728319,0.166366544119399,0.18761193289731,0.12931028941514,0.0531276206858143
"BTN",2003,"Both",0.0334285414356984,0.0313015598588609,0.171645730011576,0.0885611006017103,0.0632414280503503,0.0734013398448996,0.173379630147129,0.185118701259233,0.127655193614607,0.0522667751759356
"BTN",2004,"Both",0.0326004650708855,0.0307133232706456,0.168879524164355,0.0865676938332087,0.0613162958466517,0.0797117290787292,0.180411923782176,0.180856252187094,0.127784230541546,0.0511585622247082
"BTN",2005,"Both",0.0313128344477416,0.0299772076106723,0.166895518877518,0.0843323888145074,0.0592462092921907,0.0868368498710221,0.187842802787222,0.175542423704823,0.128213286618086,0.0498004779762163
"BTN",2006,"Both",0.0303475626399021,0.0293587744479512,0.16432449078106,0.0821568843425492,0.0571899646386306,0.0940367552440688,0.19523239983026,0.170323228101077,0.128479826235595,0.0485501137389054
"BTN",2007,"Both",0.0297745346472692,0.0288803129397509,0.160917695105902,0.080127105165979,0.0551260346157374,0.10095435108744,0.202799777431425,0.165577474919014,0.128230653920986,0.0476120601664956
"BTN",2008,"Both",0.0291688292071629,0.0283385297017813,0.157416072123569,0.0784162520404057,0.0531527023948245,0.106885014130957,0.21048347481673,0.161944964839107,0.127065148805308,0.0471290119401545
"BTN",2009,"Both",0.0288102083320485,0.0276969492571969,0.153077191043072,0.077015912799526,0.05142019268648,0.111862499220755,0.21905528655215,0.159546221932808,0.124478230124268,0.0470373080516968
"BTN",2010,"Both",0.0282347480142397,0.0268550744114027,0.149201387649892,0.0758041286047043,0.0499550406481299,0.116224218063097,0.227651456752854,0.157370330878158,0.121762561300054,0.0469410536774686
"BTN",2011,"Both",0.0273058821066036,0.0257069615104413,0.146046965474284,0.0745784165823438,0.0487557320142971,0.121071487335469,0.23645917061734,0.155221617898821,0.118273366936313,0.0465803995240873
"BTN",2012,"Both",0.0263940242195183,0.0244066840087324,0.142929741010813,0.0733041198042881,0.0479003662720598,0.126911611280359,0.245083777122616,0.153265284330176,0.113959267701647,0.04584512424979
"BTN",2013,"Both",0.0254241566651739,0.023154585211788,0.140461253650606,0.0718487969428551,0.0470360575509365,0.133879504634216,0.252728215995793,0.150196589902043,0.11061385894951,0.044656980497079
"BTN",2014,"Both",0.0246036950288834,0.0219657793492356,0.138068968717088,0.0702277364727327,0.0461194942796604,0.142102185212018,0.259823078294434,0.146984251010157,0.106817597367112,0.0432872142686798
"BTN",2015,"Both",0.0241181664142587,0.0209482801189742,0.135177205368229,0.0685644406557198,0.0451955974763761,0.150735678169136,0.266520659610155,0.143839824910736,0.102954443819755,0.0419457034566607
"BTN",2016,"Both",0.0236207917775049,0.0199879006356273,0.132255684140276,0.0666659681558719,0.0439569412366968,0.159615981009294,0.274203512035871,0.139680585055037,0.0993835159633787,0.0406291199904415
"BTN",2017,"Both",0.0232338495528021,0.0190928488294854,0.12936197966575,0.0648155101344503,0.042742430667904,0.167933147025826,0.281969229247139,0.135703526631501,0.0956706863221373,0.0394767919230051
"BTN",2018,"Both",0.0228909238955494,0.0182262850117457,0.126135513090285,0.0630820804463722,0.041696192271949,0.175219317032818,0.290242378309546,0.13205638804238,0.0919705278897353,0.0384803940096188
"BTN",2019,"Both",0.0223819576389126,0.0174014301424376,0.123107203982891,0.0613670184048989,0.0406056292453159,0.181656240191908,0.298888285534041,0.128073517219813,0.0889538471927016,0.0375648704470798
"BTN",2020,"Both",0.0218866020592517,0.0167390259261523,0.120285312587898,0.0598607173274973,0.0395427777626515,0.186597880091308,0.307122245715208,0.124665780101971,0.086409077544126,0.0368905808839376
"BTN",2021,"Both",0.0215075048628335,0.0162077948676868,0.117749422430407,0.0587770515903439,0.0388698814953459,0.190076140331745,0.313613911082813,0.122712629052538,0.0840496435500477,0.0364360207362387
"BWA",2000,"Both",0.0129805397005294,0.0138396298483376,0.148373760639265,0.103956310426475,0.0450360250097149,0.0477027033876146,0.222209810454125,0.200669337740569,0.0971711279729054,0.108060754820464
"BWA",2001,"Both",0.0125763059681363,0.0129503211517435,0.142059745693775,0.102712905833433,0.0440173907389601,0.0503464912888241,0.23694334188058,0.198817373490785,0.0922164099908075,0.107359713962955
"BWA",2002,"Both",0.0122192617194335,0.0121734174487573,0.135934124795426,0.101285142299205,0.0429639553407986,0.0534763139136341,0.251865410571955,0.19617229455653,0.0879738019216705,0.10593627743259
"BWA",2003,"Both",0.0119471787925947,0.0115168129992623,0.130345015536684,0.0997913773637706,0.0421599991626453,0.0574634525964614,0.265681373171991,0.193155558353599,0.0845973354840951,0.103341896538897
"BWA",2004,"Both",0.0116969476950853,0.0109165136722195,0.124931196666532,0.0980402269269777,0.0413502409699546,0.0622347088460388,0.279649824524595,0.189390411008631,0.081710893277117,0.100079036412849
"BWA",2005,"Both",0.0115173354200575,0.0103605253012847,0.119556311241321,0.0964055121820504,0.0405412768471203,0.0665323579591553,0.292979305792018,0.185592276408592,0.0794413762316622,0.0970737226167383
"BWA",2006,"Both",0.0124903187123244,0.0105520461295713,0.118725310209235,0.10052357569623,0.0441581986802681,0.0677458191759011,0.272593730726273,0.196588890117509,0.0823101574340925,0.0943119531185951
"BWA",2007,"Both",0.0111812160944331,0.00948402139251469,0.109723710844706,0.0920476825688526,0.0386128905275612,0.0785838142606382,0.317276804193133,0.17647300102106,0.0762856630122287,0.090331196084872
"BWA",2008,"Both",0.0110845343961455,0.00913077093731073,0.105015308851484,0.0894051745090446,0.0376351532134846,0.0866378864579032,0.327941810190791,0.171487222585809,0.0751450698721221,0.0865170689859045
"BWA",2009,"Both",0.0110596562166806,0.00883313954209093,0.100515465425328,0.0864535146664449,0.036913944432268,0.0977278314670227,0.336233238944094,0.166552116248173,0.0740398914456732,0.0816712016122244
"BWA",2010,"Both",0.0111466078831462,0.00853767538698169,0.0959643119432978,0.083603653553171,0.0365044282278905,0.109719088175059,0.34308289739823,0.161867436728964,0.0729345060461959,0.0766393946570634
"BWA",2011,"Both",0.0113008833450762,0.00823584689373711,0.0914920981749245,0.0810257151939098,0.0363926058151079,0.121647513264694,0.348771394259277,0.157463450395802,0.0719875369372604,0.071682955720212
"BWA",2012,"Both",0.0115221476598501,0.00794258407334218,0.0871147531133593,0.0787237293687117,0.0366123201405493,0.133801441401588,0.352781703506942,0.153686631538821,0.0710034382490926,0.0668112509477437
"BWA",2013,"Both",0.0118081974493486,0.00766101484057817,0.0826879484886887,0.0769753453822122,0.0371347166148888,0.143581943836537,0.356300035075977,0.150863564300781,0.070235992643688,0.0627512413673006
"BWA",2014,"Both",0.0120730115631846,0.00739499312273815,0.0785256405398418,0.0755329359900423,0.0376885504642377,0.151535347965903,0.359713365592604,0.148578684465071,0.0695187942120846,0.0594386760842934
"BWA",2015,"Both",0.0122629317802279,0.00713263667528163,0.0745780488387245,0.0741298635308084,0.0380635578197586,0.158438995143547,0.363656894569104,0.14656611006085,0.068436318956961,0.0567346426247372
"BWA",2016,"Both",0.0123509622727093,0.00688296319474034,0.0710451712233138,0.0728733963592589,0.0382209120046303,0.163317384207315,0.368446003053877,0.144798371400592,0.0672232916761947,0.0548415446073688
"BWA",2017,"Both",0.0122966747063706,0.00663637547044038,0.068160891979917,0.0714462448298427,0.0379491087962178,0.167834596655713,0.37404137142782,0.142561326893415,0.065709619539055,0.0533637897012081
