"ISO3","Year","Sex","Cardiovascular","Digestive","Drowning","Interp_violence","Maternal","Neoplasms","Other_inj","OtherCD","OtherNCD","RTA","Self_harm"
"ALB",2000,"F",0.0767393735275926,0.0238064239756273,0.0232357511230297,0.0576052083548466,0.015646145333421,0.159844561320137,0.0763757692829965,0.0762060195581974,0.22214940148678,0.142223618937654,0.126167727099718
"ALB",2001,"F",0.0759858372922767,0.0234049332309389,0.0229869046329032,0.0547234988612186,0.0148292723792689,0.161616078238421,0.0772205896929192,0.0744546580641412,0.222757508799877,0.147155083277185,0.124865635530851
"ALB",2002,"F",0.0754038710295998,0.0232575699910571,0.022858006270708,0.052813314390367,0.0145705762384049,0.163062863791815,0.0780785112351453,0.0735929086769609,0.221922671765225,0.151644121462377,0.12279558514834
"ALB",2003,"F",0.0748815250286602,0.0232339033529571,0.0227618411259636,0.0517680491204033,0.0145932673210603,0.16391678632164,0.0788743343512457,0.0731469684729286,0.220209972870301,0.155733760668663,0.120879591366176
"ALB",2004,"F",0.0744036266661662,0.0232795341961508,0.0226602045281964,0.0513947422165066,0.014763692152836,0.164422162426071,0.0795050160455861,0.0729005694222895,0.218119345860274,0.159416188611663,0.11913491787426
"ALB",2005,"F",0.0738190417922989,0.0232517911970593,0.0225064906845091,0.0512045092194215,0.0148178424049386,0.164411614173324,0.0801024213332979,0.0724335155000252,0.216238147328067,0.163362764741587,0.117851861625472
"ALB",2006,"F",0.0731218290994182,0.0231141420526692,0.0222451931590086,0.0510189781264963,0.0146702913882476,0.164248562638791,0.0804323138959495,0.0716088226570084,0.215194497845802,0.167211695357289,0.117133673779321
"ALB",2007,"F",0.0724535386230457,0.0229784483676374,0.0218707341651257,0.050983649185196,0.0145322785346522,0.164432844049158,0.0801281072448866,0.0708188135075982,0.214857413909618,0.17005201764009,0.116892154772992
"ALB",2008,"F",0.0718386103615842,0.0228746560824312,0.0214140995373743,0.0510266457338415,0.0144466533410997,0.164560122702484,0.0794027988060798,0.0701668706337652,0.214834296437392,0.171974082908077,0.11746116345587
"ALB",2009,"F",0.0713496836094618,0.0228370001365296,0.0208696289437989,0.0511011793637616,0.0144522099052951,0.165003366760477,0.0780800611104079,0.0697856934847748,0.214999988845356,0.172755721683387,0.118765466156751
"ALB",2010,"F",0.0709310864846838,0.0228401692486448,0.0202210326998198,0.0511175331515044,0.0145326162897109,0.165637926321617,0.0761959779960105,0.0695315261397454,0.215605790271663,0.172058627179221,0.12132771421738
"ALB",2011,"F",0.0704838935761933,0.0228338200119341,0.0195471020028275,0.0509906440649526,0.014611349715504,0.16599402751955,0.0742880498357002,0.0691595825235208,0.216602273999869,0.170783031194505,0.124706225555444
"ALB",2012,"F",0.0699908658255347,0.0227881156383758,0.018837476641506,0.0506480600648078,0.014635991908455,0.166567250803962,0.072208952409233,0.068581838584024,0.218303217741362,0.168972008574007,0.128466221808733
"ALB",2013,"F",0.0693748843468687,0.022657691316902,0.0181290351030784,0.0499960879468681,0.0145360426726482,0.167059201735436,0.0702440224919504,0.0676743604333612,0.22063205990324,0.167347192941173,0.132349421108474
"ALB",2014,"F",0.0686661774016112,0.0224181347896706,0.0174348521347764,0.0488538709116825,0.0142178481844158,0.167569587844965,0.0684279404182922,0.0665015884690079,0.223284698156204,0.166566819444727,0.136058482244647
"ALB",2015,"F",0.0679025896623739,0.0220715446049742,0.0167383785733697,0.0473089569104487,0.0136832068976417,0.168380219050603,0.0665570699730295,0.0651530508679494,0.226206977658379,0.166431871941267,0.139566133859964
"ALB",2016,"F",0.0671010033702631,0.0216394732670099,0.0160504439528332,0.0454551807510763,0.0129884562829111,0.169231847199096,0.0646908654589251,0.063706999059691,0.229167290260824,0.166730565254675,0.143237875142696
"ALB",2017,"F",0.0663351685000092,0.0212112970203011,0.0154283108054875,0.0437364807760658,0.0123200834151653,0.169920012245305,0.0629828587874392,0.0623252740481177,0.231911176514768,0.166948445535655,0.146880892351687
"ALB",2018,"F",0.065626005046673,0.0208335020224209,0.0148863525718821,0.0423483823329404,0.0117732492116205,0.170524963193151,0.0614429882176866,0.0610917406069543,0.234381490366316,0.167008851684662,0.150082474745693
"ALB",2019,"F",0.0649863306530613,0.0205315417305519,0.0144168831449455,0.0413425249856169,0.0113758619485683,0.170791562692109,0.060096825570151,0.0600544711542084,0.236450581150189,0.166845209188107,0.153108207782492
"ALB",2020,"F",0.0645381012421015,0.0203540645053734,0.0141051475760465,0.0407297308936875,0.0111622248359932,0.170975234724904,0.0592271581754601,0.0593386230727683,0.23787104079285,0.166698854628976,0.154999819551839
"ALB",2021,"F",0.0641992573230797,0.0202366767633056,0.0138674122275053,0.0402793078886793,0.0110342927856053,0.171349835547454,0.0585094147472421,0.0588348789477314,0.238950479377458,0.16667659994878,0.156061844443159
"AND",2000,"F",0.0512305175203465,0.0147591001701462,0.0112011390683647,0.0351762393862609,0.00557308792444409,0.13715635831883,0.0624234471992066,0.0443498849897146,0.219047072913163,0.271936341083507,0.147146811426016
"AND",2001,"F",0.0507600563402448,0.0145920523702995,0.0110057782195985,0.0344405757784111,0.00554671630637744,0.138220372041513,0.0618274480401855,0.0437248366037763,0.219626051624344,0.271185195505353,0.149070917169897
"AND",2002,"F",0.0503053455849067,0.0144299888325909,0.0107762901505113,0.0338400847116695,0.00553475944529862,0.139343432925038,0.0609868293201729,0.0430987039878399,0.220675778687318,0.268652429526945,0.15235635682771
"AND",2003,"F",0.0497595604600694,0.0142208659570323,0.0105350580584984,0.0331808259634635,0.0054958368679797,0.140328698903076,0.0601357904603501,0.0423662155796157,0.221694025131624,0.266272086092209,0.156011036526082
"AND",2004,"F",0.0493068684030342,0.0140489851515193,0.0103211138986823,0.0325778728084741,0.00548116101307287,0.141041758228302,0.0592483422690665,0.0418075150845302,0.222806363682449,0.263282246405648,0.160077773055222
"AND",2005,"F",0.0489734451642724,0.0139193526588999,0.010126444334461,0.0319656855200128,0.00548284754265057,0.141684977653046,0.0582969718890518,0.0413949291260007,0.224064633351383,0.259407008300478,0.164683704459744
"AND",2006,"F",0.0487139735224536,0.0138092058253583,0.00995967601682709,0.0312937682564323,0.00547940935428925,0.142255465722168,0.0573927350817567,0.041066413897828,0.225285947592018,0.255684285061587,0.169059119669283
"AND",2007,"F",0.0485468986907384,0.0137372727707273,0.0097937657837654,0.0306948206472481,0.00549528049197089,0.142773411412995,0.0563988174040208,0.0408252823926063,0.226732606359651,0.250812099304906,0.174189744741371
"AND",2008,"F",0.0484236493595943,0.013686195295709,0.00962155911326965,0.0301015380428876,0.00551029163759376,0.14325480068546,0.0553661197637435,0.040601409343816,0.228415792436282,0.245287909774902,0.179730734546742
"AND",2009,"F",0.0482582335215635,0.0136065322810569,0.00943960838478075,0.0294237160292613,0.00548289135097867,0.14361489344053,0.0543557252506209,0.040267532062911,0.230216305410754,0.240024331164642,0.185310231102901
"AND",2010,"F",0.0480564559645025,0.0135045833498886,0.00924357630520025,0.0286948684739121,0.00542534597842729,0.143858408368337,0.0533163971639427,0.0398437924905428,0.232152730385,0.234653963163469,0.191249878356778
"AND",2011,"F",0.0478022097465509,0.0133673569778053,0.00904361073258399,0.0279024479198432,0.00532832831383289,0.144077868831975,0.0522864465953895,0.03931709827284,0.234103274875148,0.229819318425829,0.196952039308201
"AND",2012,"F",0.0474848825517007,0.0131944582415794,0.0088648315835253,0.0271249309535156,0.00519922881389896,0.144020122921759,0.051436125165541,0.0387228222222293,0.2357019321761,0.226517617258151,0.201733048111999
"AND",2013,"F",0.0471208667818792,0.0130031244893234,0.00871164856202402,0.0263001839190412,0.00506203534176096,0.143801849590737,0.0507729599587261,0.0381273296911713,0.23690417482729,0.224688985837047,0.205506841001
"AND",2014,"F",0.0466990222848287,0.0127972223215299,0.00858454584185055,0.0254911767212552,0.00492684431771313,0.143420097940281,0.0502914970399849,0.03754790087018,0.237721018055962,0.224769172236274,0.20775150237014
"AND",2015,"F",0.0462104693994856,0.0125832758477543,0.00846292539332718,0.0246879050267401,0.00479710088356432,0.142786973975137,0.0499040887682996,0.0369695179567239,0.238299805286492,0.226283513043728,0.209014424418748
"AND",2016,"F",0.0456922705440063,0.0123827819464786,0.00830834959226401,0.024057455888487,0.00469361164017758,0.14210737747281,0.0492799728620523,0.0363911378745359,0.239134378948948,0.22744858903176,0.21050407419848
"AND",2017,"F",0.0451626595818819,0.012207562062848,0.00811358275898221,0.0236367821785824,0.00462091360960437,0.141440586082818,0.0483640254041001,0.0358137768034475,0.240311791592768,0.228039684430396,0.212288635494571
"AND",2018,"F",0.044662354352615,0.0120702867916443,0.0078892704526449,0.0234243996830083,0.00458214519364862,0.140880566927515,0.047200377723325,0.0352671512577157,0.241830552464118,0.227857074424145,0.21433582072962
"AND",2019,"F",0.0442055992766159,0.0119697361222371,0.00766060677898545,0.023397972936567,0.0045735409421033,0.140452508544277,0.0459442217421493,0.0347739907122605,0.243487962049917,0.227682558133301,0.215851302761586
"AND",2020,"F",0.0438744347073366,0.0119141708408296,0.00748232007590961,0.0234079599424412,0.00457807662879389,0.140188374580434,0.044971022940348,0.0344173666278938,0.244802782610225,0.227767001823254,0.216596489222534
"AND",2021,"F",0.0436215665403188,0.0118791818330294,0.00734189861229194,0.023425193007508,0.00458835360451482,0.140137622699294,0.0441826503775117,0.0341495819913979,0.245925753545756,0.228126237343844,0.216621960444534
"ARE",2000,"F",0.0599530937821508,0.0181398998657582,0.0118297249913533,0.0634311872192176,0.0275343783807482,0.201762631798922,0.0251922924940247,0.0716293074834775,0.317408138554154,0.0984600931784986,0.104659252251695
"ARE",2001,"F",0.0595753524408678,0.018116503641072,0.0114973764894826,0.0642270997969151,0.0277416263396206,0.201821322754115,0.0244689852768125,0.0709310136111587,0.318771516059729,0.0974009206111893,0.105448282979038
"ARE",2002,"F",0.059147701061941,0.0180564396951776,0.0112007127273972,0.0647704512003383,0.0278260219989438,0.202244494227283,0.0238289242127453,0.0702401793681854,0.320284536685258,0.0971430222469734,0.105257516575757
"ARE",2003,"F",0.0586246912647555,0.0179042523484915,0.0109144926486054,0.0651169200651495,0.0276721871597318,0.203758262456899,0.0231374335291983,0.0693770019971844,0.322271242518591,0.0974318297117782,0.103791686299616
"ARE",2004,"F",0.0582174816302016,0.0177223789652716,0.0106908659420739,0.0653151341031784,0.0269692112633064,0.203377428104328,0.0227675745687557,0.0683422207499725,0.324382726610564,0.0988055983026948,0.103409379759653
"ARE",2005,"F",0.0578279386053359,0.0175142967089963,0.0104528172718046,0.065392187105969,0.0260175329147716,0.203473702158441,0.0223513287419334,0.0671538454691619,0.327010801854876,0.100154865957902,0.102650683210808
"ARE",2006,"F",0.0574490135334926,0.0173192530063952,0.0101673505822401,0.0656692988373263,0.0251679216867248,0.204400199158003,0.0217166868278885,0.0659657894257956,0.330075717724363,0.100438281592196,0.101630487625575
"ARE",2007,"F",0.0571824271496923,0.0172006812197986,0.00986556370558656,0.066001308868288,0.0244182274808529,0.204697510493972,0.0210727748905324,0.0649303317108117,0.333292524656095,0.0999318009340853,0.101406848890285
"ARE",2008,"F",0.0568883351384849,0.0171038722183786,0.00952674048364367,0.0661797044970153,0.0238883109187042,0.206431490617756,0.0202274798007396,0.0640288973909677,0.336833890690081,0.0985447900452798,0.10034648819895
"ARE",2009,"F",0.0566626267339258,0.0170502006691838,0.00919764248780721,0.0660722077939928,0.0234258012832064,0.207655348898941,0.0194397005333677,0.0632985623292406,0.340399115445818,0.0970018699927515,0.0997969238317652
"ARE",2010,"F",0.0565306952189066,0.0169952600949252,0.00893028125143446,0.0656935148131877,0.0228503220548454,0.206793476633363,0.0188947883578733,0.0626783945451661,0.343755041438585,0.0962662065865681,0.100612019005145
"ARE",2011,"F",0.0563779796832181,0.0168778705636833,0.00870062500903941,0.065050002695281,0.0222066987176033,0.205470084727901,0.0184150166060834,0.0620765059072732,0.347061254115204,0.0962011777589112,0.101562784215802
"ARE",2012,"F",0.0562105428126412,0.0167149160164896,0.00849669551231219,0.0641773656895907,0.0215182791890822,0.203895558828577,0.0179734859522713,0.0615126587512062,0.350323592716495,0.0966598870556941,0.102517017475641
"ARE",2013,"F",0.0560814512649729,0.0165451567862642,0.00832492097736653,0.0632828275443679,0.0208063868364372,0.200901826866669,0.0176492645414608,0.0610102568193132,0.353472643948473,0.0975096921942309,0.104415572220444
"ARE",2014,"F",0.0557800164027453,0.0163147148535236,0.00812692879861833,0.0623624155583126,0.0201656428635014,0.198607842673048,0.0172117163109171,0.060384499892598,0.357136682947163,0.0980870544128378,0.105822485286735
"ARE",2015,"F",0.0552650958949277,0.0160403261641925,0.00788127717073921,0.0615346793555162,0.0196312281616692,0.197555118803935,0.0166176308708267,0.0595636269223322,0.361497380184658,0.0980405081025558,0.106373128368648
"ARE",2016,"F",0.0546346305947195,0.0157772757911182,0.00761515514910536,0.0610549077716961,0.019155969709121,0.195298258701289,0.0160776627953582,0.058540667407324,0.366196141422394,0.0975779352923793,0.108071395365496
"ARE",2017,"F",0.0537679843552345,0.015485101754256,0.0072983075900065,0.0608665728109608,0.0187823089705812,0.19391159810566,0.0154257579345407,0.0572256233737161,0.371419282194032,0.0965160059170348,0.109301456993977
"ARE",2018,"F",0.052923707537668,0.0152543796354479,0.00698996809873843,0.0611611375475709,0.0185087423159206,0.192103469713505,0.0148405375907315,0.0559325423437408,0.376063737951767,0.0955658319982154,0.110655945266694
"ARE",2019,"F",0.0521949772605035,0.0151082102280657,0.00671452052266748,0.061898589454132,0.018299487806916,0.18855812658979,0.0144227569986343,0.0547663927771504,0.379782411106723,0.095061030390541,0.113193496864877
"ARE",2020,"F",0.0516664932083172,0.0150419055328616,0.00650045851975448,0.0625129636921647,0.0181678328076693,0.185865852090758,0.0141207446972413,0.0539047939969867,0.38245460690896,0.0947543166667418,0.115010031878545
"ARE",2021,"F",0.051322370786941,0.0150415924739763,0.00633781703070621,0.063005418705694,0.0180998191748051,0.183631596306246,0.0139136722059386,0.0533408058620461,0.384236440663292,0.094712536136907,0.116357930653448
"AZE",2000,"F",0.0865456422413266,0.030051881288593,0.0250421902489853,0.0666784237245973,0.0288135539851568,0.159824148314196,0.0583947087666007,0.112381331031065,0.211806159149382,0.115989296433684,0.104472664816413
"AZE",2001,"F",0.0867120895754835,0.0298691982096451,0.0246825173545866,0.0636294132560303,0.0274936219087703,0.164230476712555,0.0580941997660856,0.11023817303715,0.213770468393589,0.116564183099449,0.104715658686656
"AZE",2002,"F",0.0867607547611621,0.029822551824581,0.0244434653103556,0.0612488455070661,0.0269616706808065,0.16758541890836,0.0579575258681108,0.10901283936234,0.214651577564002,0.117219045908101,0.104336304305115
"AZE",2003,"F",0.0866074047871646,0.0298442999669053,0.0243328890512133,0.0600406139016835,0.0271323215705126,0.16996723633644,0.0578861100757629,0.108564762870267,0.214597712655916,0.118300701153188,0.102725947630947
"AZE",2004,"F",0.0862758078508373,0.0299379414390054,0.0243189488633206,0.0595118455776277,0.0279236558332627,0.170770880409161,0.0580384485163834,0.108812807678106,0.213689782129164,0.119639912302556,0.101079969400575
"AZE",2005,"F",0.0857914283526972,0.0300609254253314,0.0243155000316246,0.0588260327399425,0.0291882024625374,0.171550513585513,0.0580758927611794,0.109541684666893,0.21255434481843,0.120952297530683,0.0991431776251682
"AZE",2006,"F",0.0851824926103203,0.0301310736146628,0.0242850394578938,0.057437456116778,0.0305370106703249,0.172904100295438,0.0580048073676972,0.110334894779111,0.211617358970872,0.122496935180856,0.0970688309360466
"AZE",2007,"F",0.084471911684466,0.0302165618873958,0.024215623435145,0.0558012010153293,0.0322500416243271,0.174198242311421,0.057774879701892,0.111432368035253,0.210578737029835,0.123751813525655,0.0953086197492809
"AZE",2008,"F",0.0836590462076442,0.0303214782946778,0.0241152276438814,0.0555482498871562,0.0345028363175798,0.174459011564945,0.0572685408554023,0.112724928814828,0.209336063585335,0.124329997018852,0.0937346198096986
"AZE",2009,"F",0.0830173248953773,0.0304833970488085,0.0239630718541598,0.0534434234451299,0.0366490568293148,0.175806205946391,0.0568072329189987,0.114005073389345,0.208522346506825,0.124548256236141,0.0927546109295094
"AZE",2010,"F",0.0824421120131322,0.0307732890960896,0.0237776632848217,0.0530255778619302,0.0395494338203044,0.175348056869925,0.0561316311292493,0.11561761495975,0.207357904901881,0.123432479383852,0.092544236679065
"AZE",2011,"F",0.0819551809330067,0.0310805968450619,0.023573279622455,0.052991211155095,0.0425489462538815,0.1747497356479,0.0553469110444925,0.117113608113122,0.206351035271511,0.122005597721344,0.0922838973921292
"AZE",2012,"F",0.0815012560294675,0.0313529829928464,0.0233854686081428,0.0542246535390074,0.0455424880527278,0.173047383535492,0.0545507065287429,0.118493817224145,0.205128275610029,0.120857937904,0.0919150299753993
"AZE",2013,"F",0.0813126464115849,0.0315548094984667,0.0231624709880534,0.0535464826800014,0.0472392833739223,0.172735935661293,0.0539680060089038,0.119327267974387,0.204661606404817,0.120505145305184,0.0919863456933862
"AZE",2014,"F",0.081269916012328,0.0315723985071167,0.0229355140470854,0.0539310419074799,0.0474478899231016,0.172326525568241,0.0534384171610047,0.119194084937434,0.204751375603047,0.121162037400888,0.0919707989322728
"AZE",2015,"F",0.0814886982416853,0.031419531905489,0.0227011758451669,0.0540815760755714,0.0456580652375165,0.172143034816207,0.0532655425055818,0.117886183156187,0.20567072854448,0.122978481154979,0.0927069825171367
"AZE",2016,"F",0.081844482925349,0.0311366054585432,0.0224617881523887,0.0539212198478882,0.0426205171595073,0.172150848566321,0.0533919975384917,0.115683057008395,0.207149883272217,0.12564579477195,0.0939938052989484
"AZE",2017,"F",0.0821569259203753,0.0306983323290366,0.0221977760311674,0.0538498023369065,0.0389818400302997,0.173203611104518,0.0534783794619343,0.112619577109007,0.209249442649105,0.128836433296671,0.0947278797309796
"AZE",2018,"F",0.0822447513617444,0.0302459229018784,0.0219693717179839,0.0541097293950921,0.0360102765048881,0.17376782376451,0.053659184237398,0.109652155462663,0.211030813169502,0.132228401404861,0.0950815700794793
"AZE",2019,"F",0.0820905232932591,0.0298534861122,0.0217594862637035,0.0551888648074076,0.0340707919921932,0.173545595878283,0.0537418413834392,0.107140646939592,0.212335956697466,0.135159874361297,0.0951129322711606
"AZE",2020,"F",0.080755454066427,0.0294146617703433,0.0217005179601285,0.0754081382614977,0.035515344968104,0.160779353351396,0.052824496150394,0.105473492350324,0.209184330662762,0.13501187342975,0.0939323370288739
"AZE",2021,"F",0.0813376189880618,0.0292864594589414,0.0214353789126363,0.0623925633610856,0.0328516740147837,0.170344397909901,0.0531839319008763,0.10374862443624,0.213394756540154,0.137775397533805,0.0942491969435154
"BHR",2000,"F",0.0601877206378239,0.0179019036581021,0.0103814335448004,0.0739713575158584,0.0236781466396685,0.18895246520533,0.0211122532140023,0.0711327319134092,0.336302536769089,0.094583187112683,0.101796263789233
"BHR",2001,"F",0.0600264213106303,0.0179938124944052,0.010128740536943,0.0748720264699711,0.0240199507295621,0.187795814977171,0.0205827637848866,0.0709504688938611,0.337267559775173,0.0927930083495644,0.103569432677832
"BHR",2002,"F",0.0598463354564696,0.0181027234901551,0.00998513604849608,0.0755626635973288,0.0246445291644983,0.188429337022533,0.020162006952594,0.0712605942578315,0.337388182166553,0.092616848824563,0.102001643018978
"BHR",2003,"F",0.0596859748034741,0.0182588040532554,0.00988771787919178,0.0765534193697122,0.0256728194029729,0.190378325252912,0.0196932419602925,0.071975923996412,0.336729022349466,0.0927325650806063,0.0984321858517049
"BHR",2004,"F",0.0595457906677956,0.0183901229818637,0.00980309364649988,0.0774140830125247,0.0265479677207512,0.191571465716439,0.0193057862513021,0.0726106408891076,0.336229886858465,0.0931206593877442,0.0954605028675073
"BHR",2005,"F",0.0592397141620903,0.0183752307456246,0.00964600500324513,0.0778832055549272,0.0270359261359145,0.194133291140495,0.0187052975953642,0.0726996374551018,0.337069396473255,0.093055198952562,0.0921570967814205
"BHR",2006,"F",0.0588596837273502,0.018264735602459,0.00944558050881895,0.0779190648278311,0.0271506086171165,0.196771419571135,0.0180443802198875,0.0723742755423283,0.339000970784568,0.0927161278058421,0.0894531527926639
"BHR",2007,"F",0.0584382484358494,0.0180966127210317,0.00922239975099489,0.0776210048446095,0.0270409403006054,0.198905897584618,0.0173824745195196,0.0718214368386726,0.341728176547725,0.0921829301010664,0.0875598783553072
"BHR",2008,"F",0.0579687754583804,0.0179145037258836,0.00899557680062605,0.0772509013755661,0.0270461642157812,0.201684121644087,0.0166666236558307,0.0713102495663642,0.344565191202935,0.0914702882042301,0.0851276041503152
"BHR",2009,"F",0.0576736370278379,0.0178374461691941,0.00881505732652511,0.0770393112422099,0.0272226884512147,0.202520856036523,0.0161330033607608,0.0711575753448764,0.346909897143842,0.0909173117993333,0.0837732160976826
"BHR",2010,"F",0.0575436316451819,0.0178414311132639,0.00868017311706737,0.0771317167287964,0.0274998191269839,0.201446683166672,0.0157572107738054,0.0713047381273322,0.348776713778745,0.0905961099937531,0.083421772428399
"BHR",2011,"F",0.0574574680321222,0.017861850150068,0.00855133146321405,0.0773719130861477,0.0277915384974603,0.199632233576627,0.015407992126141,0.0715557832993297,0.350631463670298,0.0902152749750777,0.0835231511235151
"BHR",2012,"F",0.0573752619680616,0.0178656774121473,0.00841346167388526,0.0774419424843901,0.0279615607654851,0.197650867380179,0.0150519488025373,0.0718133064977318,0.352725514657751,0.0898577044315868,0.083842753926245
"BHR",2013,"F",0.0572646436239647,0.0178265013125891,0.00825815257992655,0.0772369763570336,0.0279370538365047,0.195161403256692,0.0146904686862079,0.0719670776774499,0.355387920814803,0.0894445638764992,0.0848252379783292
"BHR",2014,"F",0.0570404489501718,0.0177208535619372,0.00806001706742304,0.0767482908267989,0.0277080402821825,0.193031002652102,0.0142569538085104,0.0718451255648491,0.358793169020816,0.0888083520473033,0.0859877462179057
"BHR",2015,"F",0.0566203100219325,0.0175476287826384,0.00780666138215369,0.0760999741270398,0.0274271001566511,0.192469005154101,0.0136868353438108,0.071400619102007,0.362788714166793,0.0878570597655515,0.0862960919973211
"BHR",2016,"F",0.0561699117997418,0.0173785919255307,0.00753762062964624,0.0756493720362431,0.0269576348381819,0.190364062962221,0.0132095345209053,0.0706316841154071,0.367128241002689,0.0869897798491835,0.0879835663202508
"BHR",2017,"F",0.0555480762267487,0.0171816981877812,0.00723641641667189,0.075599284604058,0.0264791508494447,0.188913239594316,0.0126944292046614,0.0694611623599442,0.371593523519809,0.0861208042743912,0.0891722147621737
"BHR",2018,"F",0.0548034132919598,0.0169767518592374,0.00692079334898478,0.0759311056044973,0.0260497636290685,0.188031837265384,0.0121628081681775,0.0680587914981306,0.37598611140384,0.0853693248235559,0.0897092991071648
"BHR",2019,"F",0.0541233164312778,0.0168258924334961,0.00663314377320139,0.0767189492372234,0.0255846654552289,0.185196289701963,0.0117798428567984,0.0666306616884998,0.379959337533655,0.0851271140508739,0.0914207868377815
"BHR",2020,"F",0.0535347362663334,0.0167141752310304,0.00640213757097095,0.0773251572972894,0.0253056852958585,0.183653230722395,0.0114528904865473,0.0654800848869831,0.383081234276861,0.0849410254390604,0.0921096425266697
"BHR",2021,"F",0.0530338405658925,0.0166295821640844,0.00621114247307473,0.0777079129574032,0.0251408515523339,0.182950080141155,0.011161808849287,0.0645858633899662,0.385628429889267,0.0847970009602137,0.0921534870573222
"BHS",2000,"F",0.0548290204047579,0.0206826499802551,0.0149595894009795,0.103342145769732,0.0297212373392849,0.11513074280213,0.0557084903665135,0.0700244332936191,0.217017157425887,0.221384340901596,0.0972001923152441
"BHS",2001,"F",0.0545661271146381,0.0204304579648896,0.0146071926739426,0.10086000003907,0.0282848542047465,0.115937693929407,0.0549728093121058,0.0684587515751965,0.219509070296066,0.224540721984362,0.0978323209055755
"BHS",2002,"F",0.0543574176599256,0.0202792352820902,0.0142262469385776,0.0991413572277346,0.0274718820419992,0.116706242087034,0.0539118244828105,0.0672772833616608,0.222209974661504,0.225187364199808,0.0992311720568551
"BHS",2003,"F",0.0542296640989584,0.0201981006666402,0.013811543095057,0.098385596522058,0.0269474832339253,0.117670981200697,0.0525042801126468,0.066268435793254,0.225293193000535,0.223644124811968,0.101046597464261
"BHS",2004,"F",0.0541669519858647,0.0201713864030721,0.013351817640438,0.0986396569843857,0.0266548360178736,0.118628844524266,0.0507712526152481,0.0653645032036438,0.228849168422072,0.219639076746527,0.103762505456608
"BHS",2005,"F",0.0539732931561187,0.0200693310148512,0.0129477972556139,0.0989183709567278,0.0262242677562203,0.118993146637653,0.0493427231545835,0.0643594981534772,0.231832279252572,0.217438349694546,0.105900942967636
"BHS",2006,"F",0.0537066536470948,0.0199176140723815,0.0125423055832259,0.0994961629874046,0.0257110854248461,0.119017773263937,0.0479250228505722,0.0632523084248508,0.234907809216196,0.21527223566362,0.108251028865872
"BHS",2007,"F",0.0533327176856555,0.0197505255659766,0.0121468649379597,0.100215161830331,0.0254202892778002,0.118579736962829,0.0465325972944385,0.06227111785455,0.237885658395943,0.213029107059767,0.110836223134749
"BHS",2008,"F",0.052907577861228,0.0195575602355376,0.0117363444135728,0.100902820785379,0.0251130700394246,0.117937632184004,0.0450984126615703,0.0612506827307082,0.24119734939578,0.210337779128663,0.113960770564133
"BHS",2009,"F",0.0525048405470963,0.0193719221090266,0.0113297576197768,0.101846662782641,0.0247581758929228,0.11719493033966,0.0436677593683164,0.0602028237704599,0.244570589712984,0.207313448628393,0.117239089228723
"BHS",2010,"F",0.0521136071928877,0.0191756686470679,0.0109894288311369,0.102991266528273,0.0242801011389471,0.116433801532072,0.0424803747530629,0.0590945634726718,0.247417926574765,0.205795068059666,0.11922819326945
"BHS",2011,"F",0.0517849430956411,0.0190058046669301,0.0106991254669604,0.104096783121119,0.0237849536492169,0.115864328983574,0.0414473724601094,0.0580281763599734,0.249959055029138,0.20511253387336,0.120216923293977
"BHS",2012,"F",0.0515592940673655,0.0188965746636682,0.0104819927829205,0.105097157102213,0.0233787625165769,0.115497028604368,0.0406403261406158,0.0571538443608108,0.251721660838186,0.205777616947808,0.119795741975468
"BHS",2013,"F",0.0514055804303726,0.0188192601341844,0.0102902909359343,0.105553915040316,0.0229787974205808,0.115454125234396,0.039905574619068,0.0563642767664581,0.253490389359926,0.206905299856583,0.118832490202181
"BHS",2014,"F",0.0512739471377594,0.0187659801181234,0.0100808908727171,0.104681677787716,0.0226932547785201,0.115800914094996,0.0390813164732127,0.0557877872353912,0.255543780918227,0.208091533736795,0.118198916846542
"BHS",2015,"F",0.0511484500296778,0.0186812079122195,0.00983561273986425,0.102528552035441,0.0221757384579488,0.116615578810122,0.0381738386712653,0.0551157791613024,0.258156632862414,0.209722115489244,0.117846493830502
"BHS",2016,"F",0.0509429543040294,0.0185506147276143,0.00954328957348458,0.0994159541765166,0.0215168288913395,0.117645332197338,0.0371721450535059,0.0542925709073823,0.26137543037659,0.211541048610879,0.118003831181321
"BHS",2017,"F",0.0506262321267101,0.0184059830465831,0.00921893836697235,0.0959050507920286,0.0209094462764148,0.118750421994746,0.0361149071551779,0.0533851099579369,0.264825543575116,0.213600330392645,0.118258036315669
"BHS",2018,"F",0.0502075673706791,0.0182618623618801,0.00888388741153336,0.0927600688918976,0.0203996044040711,0.1196083009325,0.035084298594203,0.052342154972651,0.268353259474057,0.215523288930641,0.118575706655887
"BHS",2019,"F",0.038127698290052,0.0146633814245141,0.00729612780953074,0.31908624000635,0.0249743137720922,0.0664852093174447,0.0261471530667938,0.0431614352010049,0.200705758248021,0.165416025703932,0.0939366571602649
"BHS",2020,"F",0.0492750146658314,0.0180867867705525,0.00829692911646565,0.088170613043232,0.0200248812613485,0.120466775782332,0.0333652570010555,0.0504438159332459,0.274748847441005,0.218136046086824,0.118985032898107
"BHS",2021,"F",0.048920978296914,0.0180505881697632,0.0080879286658202,0.0865133985673738,0.0199869126360392,0.120621289717265,0.0327829346235111,0.0497656344088283,0.277170088276995,0.218824112645208,0.119276133992282
"BIH",2000,"F",0.0833208835069453,0.0247527748497247,0.0271236512329441,0.0315002500053528,0.0133955717041553,0.164136216419206,0.0815034461881871,0.0919024712849058,0.211223888936606,0.170085520253303,0.10105532561867
"BIH",2001,"F",0.0832141102625271,0.0247405603252374,0.0259577148478866,0.0320544234497099,0.0133668057677087,0.167864312292147,0.0784555975930107,0.0899598685152405,0.21472847696769,0.162592030094679,0.107066099884162
"BIH",2002,"F",0.0827326881096597,0.0246258077373088,0.0251041545562564,0.0322311237082424,0.0133400417155329,0.170234800805578,0.0765784144333058,0.0882688317938473,0.2168150542824,0.1588120079568,0.111257074901069
"BIH",2003,"F",0.0820215135078419,0.0244124976130554,0.0244733356934915,0.0321471803581695,0.0132133932672749,0.171457810322524,0.0756647555244817,0.0865943850768539,0.217927161063205,0.157950871112051,0.114137096461052
"BIH",2004,"F",0.0810369838063622,0.0240451190693026,0.0240060044236945,0.0317810314211764,0.0128957542521132,0.171844823224239,0.0756296343856991,0.0846662097321775,0.218327437551006,0.160109871573086,0.115657130561144
"BIH",2005,"F",0.0799769659736657,0.023634504853007,0.023488384877376,0.031358920554997,0.0125417266059376,0.172106212753898,0.0754578001691143,0.0826336972028633,0.219049644182572,0.162146707079728,0.117605435746841
"BIH",2006,"F",0.078844332900578,0.0231941203297657,0.0229125634510589,0.0308751366161989,0.0121839408491254,0.172314008610642,0.0750879560875221,0.0805445473508831,0.220110765524089,0.163841153252375,0.120091475027762
"BIH",2007,"F",0.0776554620233366,0.0227485946536268,0.0222676390170088,0.0303747346858506,0.0118761852504404,0.172580911252787,0.0743795943764494,0.0784346233138809,0.221795392807304,0.164545738782138,0.123341123837177
"BIH",2008,"F",0.0764765931752601,0.0223109243458113,0.0215621133198217,0.0298735601971878,0.0115855705285849,0.172843678207024,0.0733439713477379,0.0763282575009513,0.223959256343406,0.164273921044236,0.12744215398998
"BIH",2009,"F",0.0754001623284292,0.0219131168008201,0.0208448189024099,0.0294046755164238,0.0113042083499946,0.172972988859005,0.0720715616304198,0.0743236458758997,0.22645331338992,0.163181895128418,0.13212961321826
"BIH",2010,"F",0.074364533760701,0.021510686332461,0.0201197410842462,0.0289618801594469,0.0109709552517018,0.172897666027968,0.0706890982839646,0.0722991614850933,0.229068608485585,0.161939861402073,0.137177807726759
"BIH",2011,"F",0.0733621210640492,0.0210918322198373,0.019393193140479,0.0284678707907443,0.0105707213210686,0.172710136795237,0.0692049179793314,0.0703488729087823,0.231497331302746,0.161159157870174,0.142193844607551
"BIH",2012,"F",0.0724137901261163,0.020712609083248,0.0187355308971258,0.0280822648421429,0.0102208031585146,0.172302490740135,0.067832607976081,0.0685927741531071,0.233669529446415,0.160845916763032,0.146591682814083
"BIH",2013,"F",0.0714787032576874,0.0203552769795447,0.0181204177168352,0.0277899345798219,0.00991824877764108,0.171757273596589,0.0665033930438761,0.0669994182507339,0.235651373656201,0.160993394905024,0.150432565236046
"BIH",2014,"F",0.0706221474256557,0.020065161500739,0.0176081719194594,0.0276700158885682,0.00972237300062694,0.171123188846884,0.0653912498236349,0.065686212369369,0.237276107755928,0.161689100274588,0.153146271194547
"BIH",2015,"F",0.0698636840545766,0.0198345315932989,0.0172048984034359,0.0276962469989503,0.00960414814154133,0.17047403199511,0.0645599572663732,0.0646190293916027,0.238424461291333,0.16309466153344,0.154624349330337
"BIH",2016,"F",0.0691876603444849,0.0196133330590427,0.0168482963297964,0.027670806635253,0.00946998573304295,0.170003905749442,0.0637896287964831,0.0637234615375301,0.239163506179234,0.165121841124398,0.155407574511293
"BIH",2017,"F",0.0686122002687741,0.0194161426655493,0.0165594177157924,0.0275976955823579,0.00933526871212892,0.169700994641218,0.0631986596899106,0.0629553022234819,0.23952398585923,0.167518891732246,0.155581440909311
"BIH",2018,"F",0.0681129250313605,0.0192320297914137,0.0162892086862006,0.0274182616890037,0.00918563647839567,0.169687152691365,0.0626081159760675,0.0622406485434337,0.239777418808695,0.169825610482087,0.155622991821978
"BIH",2019,"F",0.0676556679609234,0.0190742107679832,0.0160283994330765,0.0272587887895184,0.00906589300921416,0.169724516843846,0.0620215351288572,0.0615051431240387,0.240255507507201,0.171421344517633,0.155988992917709
"BIH",2020,"F",0.067341394514367,0.0189838169000827,0.015845250342179,0.027185039294965,0.00900764263985538,0.169724680510732,0.0616221341872165,0.0609332186184231,0.240794399108801,0.172245415800595,0.156317008082784
"BIH",2021,"F",0.0671005304773998,0.0189242994899763,0.0156916337766063,0.0271274548630777,0.0089761985493653,0.169815088537412,0.0612498223547725,0.0604662863390745,0.241392356202126,0.17263561788302,0.156620711527169
"BLR",2000,"F",0.0752624264994083,0.022102569257736,0.0295410323689034,0.0435280805016409,0.0116166442111687,0.132589184640006,0.0955284245417359,0.0899824663433848,0.165922053829963,0.272586936228173,0.0613401815778803
"BLR",2001,"F",0.0747340524209337,0.0218196801748824,0.0286737057340822,0.0426461561585693,0.011166962078088,0.135042233213957,0.0946711533618991,0.0874722013771703,0.168082026922152,0.272197294611254,0.063494533947013
"BLR",2002,"F",0.0741501568045887,0.0215341314807861,0.0278577957400135,0.0413948021715302,0.0107460206333899,0.137501680797075,0.0938986174732539,0.085115082596864,0.170085327341624,0.272231589676476,0.0654847952843988
"BLR",2003,"F",0.0734498501815664,0.0212348958010344,0.027084610995097,0.0401478983730326,0.0103858103610581,0.13955687086203,0.0932447057470434,0.0828977479809827,0.171844981102032,0.272669602770472,0.067483025825652
"BLR",2004,"F",0.0722653149815479,0.0207641226378812,0.0264036437948283,0.0386861786598524,0.00994710583286652,0.14048559637837,0.0932339010888774,0.0803605182169471,0.172500038577351,0.276673544514339,0.0686800353171395
"BLR",2005,"F",0.0707351425553834,0.0201759378867686,0.0257889566230651,0.0370132750866681,0.00947099612796726,0.140561963428217,0.093618144773436,0.0776859628529237,0.172343894625242,0.283319641274011,0.0692860847663184
"BLR",2006,"F",0.0689709761384518,0.0195162964304994,0.0252138980840969,0.0351337849171351,0.00898714126392166,0.139942551537412,0.0942667325175928,0.074984150239915,0.17156558551092,0.291798136574159,0.0696207467858967
"BLR",2007,"F",0.0671666703894565,0.0188420264433187,0.0246630573831619,0.033219657547821,0.00850310367983519,0.139041882986135,0.0948796927095467,0.0723638768964867,0.170553503560108,0.301070713676007,0.0696958147281235
"BLR",2008,"F",0.0656371349406348,0.0182760945486058,0.0241117777745906,0.031636611757918,0.00811090286685895,0.138401799433072,0.0950619589538652,0.070152970843112,0.169929221120913,0.308631578936661,0.0700499488237682
"BLR",2009,"F",0.0645989491899615,0.0178961936910265,0.0235770237910287,0.030414461489047,0.00783723710826786,0.138328139938942,0.0946703551201762,0.0685922284825875,0.170073408133139,0.313174521465572,0.0708374815902517
"BLR",2010,"F",0.0640380324423745,0.0176779959271826,0.0230187369152123,0.0294607322280509,0.00765266188584178,0.139273763132129,0.0936129171564474,0.0675213723434943,0.171279101089624,0.314296335400531,0.0721683514791128
"BLR",2011,"F",0.0639781531950433,0.0176367445573642,0.0224112690620572,0.0287206120375018,0.00758161627637111,0.141419391815973,0.0918492681830503,0.0669512883968401,0.173866752833861,0.310926575172908,0.0746583284690298
"BLR",2012,"F",0.0644088349143333,0.0177629982286498,0.0217145503678904,0.0282286051557015,0.0076166447496609,0.14494727719145,0.0892379166761224,0.0667637638186772,0.178297326426481,0.302147558310615,0.078874524160418
"BLR",2013,"F",0.0650314569893537,0.0179330684307659,0.0209330056386734,0.0278663603449129,0.00765206464713856,0.149116944211794,0.0861631263627221,0.0664845771342551,0.1840328844787,0.290091394153337,0.0846951176083475
"BLR",2014,"F",0.0656753385295927,0.0180818856676756,0.0200843250752011,0.0275935075391816,0.00763951410702604,0.153476811355697,0.082793675171258,0.0659387057268148,0.190482279699149,0.276387501884877,0.0918464552435272
"BLR",2015,"F",0.066101379233997,0.0181341975055477,0.0192717843781368,0.0273009043147884,0.00752991473398023,0.15730503270043,0.0797064661379145,0.0649613381784166,0.196612130392123,0.264193073146927,0.098883779277739
"BLR",2016,"F",0.0661228686747136,0.0180324647477947,0.0186099878071677,0.0268203311517852,0.00729132913445737,0.159782311028701,0.0775506247602507,0.0635927391102339,0.201045657180281,0.257153196812726,0.103998489591889
"BLR",2017,"F",0.065849932063833,0.0178316410722969,0.0180940412334542,0.0261920654104606,0.00699736879365008,0.1613088506779,0.0761102174038829,0.0621579000617823,0.203732451062969,0.254883810104181,0.10684172211559
"BLR",2018,"F",0.0653800833923391,0.0176006300351048,0.0177271119459171,0.0255495312213371,0.00673454267827222,0.162038298318538,0.0753169809145403,0.0608540638852005,0.204900101085991,0.256335892889251,0.107562763633509
"BLR",2019,"F",0.0648167190047754,0.0173625816731982,0.017415452330242,0.0248445308043464,0.00649940872208596,0.162232627187009,0.0747333930940786,0.0597762723343447,0.205003017260079,0.260015186305059,0.107300811284781
"BLR",2020,"F",0.064396809104603,0.0171959440272028,0.0171602816623353,0.0242376058765453,0.00633817876389422,0.162484056096608,0.0741506286453783,0.0590755061676075,0.204913651169196,0.262995389924695,0.107051948561935
"BLR",2021,"F",0.0640822638442357,0.0170874260460608,0.0169562070935202,0.023782480609283,0.00623826611734032,0.162661378642129,0.073661992027211,0.0585849222921534,0.204864151953893,0.265143194934823,0.10693771643935
"BLZ",2000,"F",0.0683166741065054,0.0327505758245871,0.0242523931188103,0.0770583290551422,0.117139185510092,0.103167349741488,0.0523624976081227,0.142213414439766,0.198204899818427,0.1061556459065,0.0783790348705605
"BLZ",2001,"F",0.0678689655067,0.0323193160732291,0.0236855727804772,0.0787430251494614,0.113130847227473,0.10480136506523,0.0521566557208986,0.138406595692542,0.200600050426508,0.10895359721731,0.0793340091401705
"BLZ",2002,"F",0.0674884603128609,0.0318392863943509,0.0231923896505994,0.0800123567789162,0.108028281018525,0.106567211551989,0.0521975459743843,0.134470925425222,0.203006393219207,0.112764280612675,0.0804328690612706
"BLZ",2003,"F",0.0671209670379753,0.0312713987795083,0.0227506365052795,0.0811374630158422,0.101760012450533,0.108476649687461,0.0525056742231526,0.130177375512159,0.205459107672032,0.117769347067129,0.0815713680489268
"BLZ",2004,"F",0.0667974730045359,0.0307295619299565,0.0223762022550388,0.0819728467346683,0.0955065116810067,0.109791768050032,0.0529912835095306,0.126189808693509,0.207513172635864,0.123263599043459,0.0828677724623989
